img00000.ppm -0.044584 0.048067 0.995588 -0.038769 -0.049334 0.034077
img00001.ppm -0.043644 0.045774 0.997608 0.088296 -0.003784 -0.074796
img00002.ppm -0.046002 0.045303 0.996520 -0.120767 0.084636 0.060095
img00003.ppm -0.043722 0.047799 0.995850 0.118421 -0.056504 0.099812
img00004.ppm -0.045366 0.044658 0.992696 -0.355427 -0.554350 -0.020978
img00005.ppm -0.036388 0.056075 0.992740 -0.702859 2.173435 0.394228
img00006.ppm -0.047277 0.060329 0.993785 1.082340 0.395580 -0.236997
img00007.ppm -0.048222 0.059718 0.998676 -0.690721 1.194065 0.026552
img00008.ppm -0.045397 0.067919 0.997485 -0.671432 -0.094201 0.179660
img00009.ppm -0.042533 0.060366 0.997445 -0.489314 -0.496248 -0.011661
img00010.ppm -0.042918 0.047443 0.999081 0.236893 0.121534 -0.037590
img00011.ppm -0.050206 0.052724 0.999413 -0.070758 0.012861 0.143330
img00012.ppm -0.041678 0.052156 0.999815 0.102476 0.281595 0.030762
img00013.ppm -0.043936 0.055069 0.996117 -0.125399 -0.027487 0.041973
img00014.ppm -0.041542 0.053960 0.999823 -0.059324 -0.047443 0.106802
img00015.ppm -0.042621 0.054083 0.999534 -0.040859 0.046927 0.050556
img00016.ppm -0.042904 0.055859 0.995525 -0.094373 -0.025248 0.104627
img00017.ppm -0.042337 0.054677 0.996837 0.098411 0.020835 0.057414
img00018.ppm -0.043292 0.055223 0.998335 0.043139 0.095123 -0.123001
img00019.ppm -0.044754 0.055069 0.995538 0.041733 -0.021003 0.029829
img00020.ppm -0.043545 0.056478 0.998061 0.007753 -0.014034 0.006065
img00021.ppm -0.041842 0.054176 0.999698 -0.056654 0.001227 -0.075822
img00022.ppm -0.042620 0.055156 0.997246 -0.057580 0.018785 -0.018358
img00023.ppm -0.041552 0.054170 0.996921 -0.123142 -0.082054 -0.004218
img00024.ppm -0.042416 0.054393 0.995659 0.021261 0.039133 -0.023468
img00025.ppm -0.043362 0.053880 0.997457 0.002429 0.066566 0.072783
img00026.ppm -0.042636 0.053333 0.996974 -0.097569 -0.016365 0.022280
img00027.ppm -0.044263 0.052365 0.997249 -0.043278 0.070206 -0.000261
img00028.ppm -0.043347 0.054747 0.996615 -0.049108 0.012463 -0.001691
img00029.ppm -0.042910 0.055427 0.996845 -0.043301 0.027353 0.012506
img00030.ppm -0.043334 0.055044 0.996480 0.063123 -0.045638 -0.099904
img00031.ppm -0.040924 0.054580 0.997149 -0.100046 -0.044345 -0.047249
img00032.ppm -0.044403 0.054557 0.998126 -0.051856 -0.034293 -0.010374
img00033.ppm -0.042631 0.055557 0.996954 -0.088661 -0.024066 -0.002372
img00034.ppm -0.043429 0.055010 0.999351 -0.011685 0.062381 0.041330
img00035.ppm -0.043886 0.054068 0.997070 0.045703 0.025210 -0.020995
img00036.ppm -0.042463 0.054038 0.995562 0.083473 -0.092115 0.140723
img00037.ppm -0.041774 0.055821 0.997091 -0.007448 0.056651 0.002755
img00038.ppm -0.043607 0.054577 0.998018 -0.020497 0.054162 -0.026849
img00039.ppm -0.044310 0.054076 0.996233 0.078507 -0.065839 -0.079604
img00040.ppm -0.044233 0.054330 0.997227 0.029695 -0.002498 0.064171
img00041.ppm -0.042089 0.054501 0.996029 0.057837 0.065432 -0.014527
img00042.ppm -0.043178 0.053997 0.995398 -0.038225 0.000128 -0.038708
img00043.ppm -0.042307 0.054115 0.997177 0.004362 -0.075478 -0.137573
img00044.ppm -0.044250 0.054409 0.997520 0.020770 -0.085387 -0.059681
img00045.ppm -0.042673 0.053822 0.997518 0.060068 -0.081352 0.065304
img00046.ppm -0.042455 0.054960 0.999389 -0.005862 -0.021540 -0.019950
img00047.ppm -0.044244 0.054624 0.997854 -0.047567 0.043424 0.001154
img00048.ppm -0.041994 0.052630 0.996478 0.063582 -0.032838 -0.081308
img00049.ppm -0.044361 0.055225 0.995562 -0.061586 0.090666 0.000235
img00050.ppm -0.043615 0.054201 0.996152 0.048332 0.033003 0.054329
img00051.ppm -0.043541 0.054147 0.998139 0.021033 -0.008836 -0.020811
img00052.ppm -0.042389 0.054197 0.999545 0.029431 -0.029897 0.015643
img00053.ppm -0.042454 0.053297 0.996152 -0.033374 0.035407 -0.119184
img00054.ppm -0.044491 0.055630 0.997676 -0.038689 -0.023975 -0.028319
img00055.ppm -0.042750 0.054071 0.996409 0.088173 0.099975 0.040970
img00056.ppm -0.042166 0.054057 0.998422 0.127639 -0.000241 -0.049346
img00057.ppm -0.042900 0.055081 0.997754 0.051940 0.020653 0.043013
img00058.ppm -0.044189 0.054136 0.994888 -0.009832 -0.018126 -0.092623
img00059.ppm -0.042942 0.055251 0.996828 -0.009292 0.020316 0.129930
img00060.ppm -0.043387 0.054875 0.998506 0.053152 -0.046081 -0.019620
img00061.ppm -0.044487 0.056647 0.998018 -0.034358 -0.034165 -0.042670
img00062.ppm -0.042992 0.054502 0.996909 -0.072155 -0.017812 0.144568
img00063.ppm -0.042848 0.055200 0.995797 0.083719 -0.034119 -0.001962
img00064.ppm -0.042002 0.054002 0.999285 -0.022708 0.055602 0.094941
img00065.ppm -0.043623 0.055626 0.997742 -0.011831 -0.116935 -0.091854
img00066.ppm -0.043438 0.053989 0.998705 0.035750 -0.005057 0.059737
img00067.ppm -0.043240 0.054373 0.998555 -0.106367 -0.043665 0.052779
img00068.ppm -0.042034 0.053707 0.996675 0.061802 -0.132108 -0.078718
img00069.ppm -0.043030 0.052796 0.995757 0.088494 -0.061632 0.085524
img00070.ppm -0.041556 0.053577 0.997042 -0.033613 -0.004372 -0.014044
img00071.ppm -0.044042 0.052972 0.997180 0.009513 -0.043567 0.007341
img00072.ppm -0.043335 0.053153 0.996240 -0.081350 0.004962 0.113645
img00073.ppm -0.042985 0.053495 0.996513 0.054465 -0.038783 0.097742
img00074.ppm -0.044574 0.054246 0.998165 0.053331 0.046702 0.137858
img00075.ppm -0.043871 0.054990 0.995980 -0.032248 -0.026066 -0.005953
img00076.ppm -0.043574 0.055125 0.995703 0.051031 0.058106 -0.028759
img00077.ppm -0.043003 0.054743 0.996867 0.014097 0.078978 -0.096373
img00078.ppm -0.043619 0.054910 0.995355 0.012124 -0.002419 0.040544
img00079.ppm -0.042532 0.053436 0.997941 -0.020651 0.024088 0.008941
img00080.ppm -0.042787 0.053026 0.999165 0.008811 0.030671 0.009057
img00081.ppm -0.043229 0.054511 0.995944 0.084523 0.081358 0.009263
img00082.ppm -0.044173 0.054926 0.998269 0.070794 -0.052958 -0.044697
img00083.ppm -0.042179 0.054390 0.997592 -0.064909 0.090976 -0.013908
img00084.ppm -0.044004 0.053256 0.995888 0.055464 0.034575 0.049279
img00085.ppm -0.043809 0.054322 0.997211 0.089320 0.037629 0.032805
img00086.ppm -0.045305 0.055294 0.994783 0.089312 -0.079983 0.083153
img00087.ppm -0.042746 0.055565 0.996544 -0.025159 0.064765 0.054176
img00088.ppm -0.043064 0.053959 0.999091 0.021636 -0.038846 -0.048282
img00089.ppm -0.043983 0.053974 0.998430 -0.022593 -0.052224 -0.001254
img00090.ppm -0.043799 0.054483 0.999341 0.004551 0.007411 0.058733
img00091.ppm -0.044067 0.055307 0.998727 0.057318 -0.024032 -0.003283
img00092.ppm -0.044046 0.053709 0.998479 -0.013745 0.031776 0.038968
img00093.ppm -0.043662 0.054896 0.998068 -0.044681 0.042617 0.066481
img00094.ppm -0.043477 0.055000 0.995072 -0.050963 0.030646 0.011344
img00095.ppm -0.044209 0.054356 0.997914 -0.028233 -0.023728 -0.100125
img00096.ppm -0.043090 0.054638 0.998471 0.010191 0.044521 -0.045729
img00097.ppm -0.043661 0.053286 0.996902 0.114606 -0.031338 0.042214
img00098.ppm -0.042026 0.054454 0.998288 -0.016472 0.048491 -0.011336
img00099.ppm -0.044373 0.054583 0.997274 -0.025860 0.004629 -0.037903
img00100.ppm -0.042417 0.054390 0.995479 -0.096641 0.046973 -0.020308
img00101.ppm -0.043381 0.054162 0.996028 0.044443 -0.062181 -0.034123
img00102.ppm -0.041299 0.054603 0.997623 -0.007949 -0.048719 0.046257
img00103.ppm -0.043212 0.054217 0.997271 -0.014024 0.020943 -0.069988
img00104.ppm -0.043670 0.054735 0.998121 -0.107350 0.024753 0.019982
img00105.ppm -0.043632 0.053150 0.997390 -0.001941 -0.067085 0.040522
img00106.ppm -0.043080 0.054050 0.997336 -0.095153 -0.098304 -0.114411
img00107.ppm -0.043596 0.054127 0.997526 -0.049073 0.124601 -0.002499
img00108.ppm -0.042766 0.054210 0.996875 0.020815 0.037118 -0.008380
img00109.ppm -0.042759 0.053923 0.997906 -0.143784 0.037025 -0.008867
img00110.ppm -0.043423 0.053259 0.996239 0.042743 0.039149 0.013447
img00111.ppm -0.042161 0.054583 0.997007 -0.047114 -0.037067 0.011811
img00112.ppm -0.043998 0.053352 0.995900 0.057163 -0.014044 -0.002145
img00113.ppm -0.041817 0.053402 0.997977 0.040326 -0.107079 0.033736
img00114.ppm -0.042708 0.053778 0.996677 -0.060021 -0.026539 -0.002362
img00115.ppm -0.042541 0.053450 0.994917 -0.041181 -0.053565 -0.004265
img00116.ppm -0.041532 0.053611 0.997641 -0.056028 -0.008943 -0.008078
img00117.ppm -0.042938 0.054908 0.996319 0.045116 -0.034199 -0.064784
img00118.ppm -0.043307 0.052590 0.996843 0.031105 0.093884 -0.090233
img00119.ppm -0.041289 0.054930 0.999101 -0.040146 -0.022425 0.021710
img00120.ppm -0.042771 0.053739 0.997717 -0.003653 0.000704 0.029863
img00121.ppm -0.042938 0.054129 0.994967 0.002081 -0.033619 -0.018939
img00122.ppm -0.042252 0.054904 0.996388 0.076959 0.007178 -0.067235
img00123.ppm -0.042141 0.052630 0.996848 -0.094915 -0.049704 -0.013070
img00124.ppm -0.043347 0.052737 0.996384 -0.042535 0.077322 0.004417
img00125.ppm -0.043022 0.054850 0.996588 -0.080044 -0.052452 -0.029013
img00126.ppm -0.042559 0.055030 0.997123 0.058929 0.016878 0.076089
img00127.ppm -0.044322 0.053960 0.995939 -0.070451 0.024571 0.164144
img00128.ppm -0.042465 0.053149 0.998599 -0.072757 -0.003762 0.094214
img00129.ppm -0.043513 0.054332 0.996576 -0.067875 0.000030 0.094196
img00130.ppm -0.043365 0.054161 0.996899 0.012766 0.091751 0.002119
img00131.ppm -0.043980 0.053945 0.998065 0.054078 0.046082 -0.045686
img00132.ppm -0.043829 0.054541 0.996695 -0.034753 -0.044426 -0.010231
img00133.ppm -0.043568 0.054310 0.996188 -0.105532 -0.055899 -0.088967
img00134.ppm -0.042794 0.053988 0.998176 0.035871 -0.020213 -0.076609
img00135.ppm -0.044167 0.055131 0.995518 -0.062912 -0.019101 0.080120
img00136.ppm -0.044609 0.054166 0.999898 0.081133 0.079301 -0.039295
img00137.ppm -0.043594 0.053000 0.996747 -0.055366 0.067245 0.075499
img00138.ppm -0.043633 0.053874 0.995357 0.067024 -0.041679 0.018192
img00139.ppm -0.043953 0.055005 0.995538 0.071135 0.052613 -0.042366
img00140.ppm -0.043385 0.053916 0.995140 -0.023972 -0.055115 -0.005753
img00141.ppm -0.042971 0.052332 0.999552 0.043688 -0.060090 0.101115
img00142.ppm -0.042824 0.053958 0.995691 0.038989 -0.020082 -0.035858
img00143.ppm -0.042557 0.053545 0.997569 0.037604 -0.107153 -0.103992
img00144.ppm -0.043012 0.052269 0.996287 0.027061 0.100065 -0.080692
img00145.ppm -0.043024 0.052867 0.996853 -0.030592 0.012444 -0.030229
img00146.ppm -0.041925 0.053674 0.998469 -0.036354 -0.026443 0.187887
img00147.ppm -0.044590 0.052624 0.997159 -0.006807 -0.014698 0.078507
img00148.ppm -0.042322 0.053851 0.996746 0.060187 -0.016495 -0.060171
img00149.ppm -0.042817 0.053442 0.995911 0.090928 0.022207 -0.044195
img00150.ppm -0.043788 0.053322 0.996386 -0.057238 0.056488 0.086311
img00151.ppm -0.043719 0.054229 0.998247 0.007356 0.094458 0.081167
img00152.ppm -0.043490 0.054655 0.999100 -0.069988 -0.061172 0.009559
img00153.ppm -0.044701 0.054108 0.994429 -0.006296 0.035925 -0.078931
img00154.ppm -0.043999 0.052715 0.998093 0.004276 -0.031903 0.015309
img00155.ppm -0.042890 0.053779 0.998910 -0.039414 0.011663 0.091886
img00156.ppm -0.042177 0.053752 0.997804 -0.023957 -0.036524 0.021965
img00157.ppm -0.043439 0.054983 0.999583 0.069044 -0.067286 0.012183
img00158.ppm -0.043692 0.054687 0.997330 0.044285 0.062848 -0.021515
img00159.ppm -0.042370 0.054621 0.994108 0.068645 -0.044644 0.034866
img00160.ppm -0.042698 0.053091 0.999413 -0.083555 -0.039047 0.048369
img00161.ppm -0.044863 0.053307 0.996623 -0.011633 0.014864 -0.023921
img00162.ppm -0.042587 0.053955 0.995945 0.008618 -0.015040 -0.053430
img00163.ppm -0.043414 0.054582 0.996434 -0.051713 -0.017156 0.149617
img00164.ppm -0.043735 0.052394 0.997520 0.003777 0.052332 -0.063407
img00165.ppm -0.044340 0.054666 0.994896 0.121891 -0.058625 0.011539
img00166.ppm -0.042504 0.052909 0.998132 0.013015 -0.044413 0.024503
img00167.ppm -0.043815 0.053024 0.998352 0.025457 0.006189 0.048765
img00168.ppm -0.044083 0.053828 0.996332 -0.009642 -0.035502 0.072951
img00169.ppm -0.042362 0.054660 0.997899 0.092868 0.038176 -0.057185
img00170.ppm -0.043134 0.054839 0.995538 0.075237 -0.085716 -0.110133
img00171.ppm -0.042403 0.055745 0.997389 -0.083092 -0.010313 0.022872
img00172.ppm -0.043174 0.053681 0.998756 0.015293 0.044285 0.035400
img00173.ppm -0.043318 0.054048 0.997993 -0.056208 -0.078703 0.023941
img00174.ppm -0.043946 0.054648 0.997975 -0.003762 0.032686 0.025495
img00175.ppm -0.043138 0.053887 0.998530 0.075350 -0.106823 -0.036358
img00176.ppm -0.042795 0.054145 0.997419 0.083681 -0.005389 0.118004
img00177.ppm -0.043845 0.052855 0.997018 -0.051018 0.044173 0.016137
img00178.ppm -0.044367 0.054220 0.999189 -0.036284 -0.007096 -0.031903
img00179.ppm -0.042865 0.053858 0.996134 0.074416 -0.008929 0.066341
img00180.ppm -0.044483 0.054479 0.995205 0.078193 -0.020340 0.059222
img00181.ppm -0.042784 0.053198 0.998682 0.050196 0.015607 0.111581
img00182.ppm -0.043959 0.054294 0.998866 -0.031634 -0.017114 -0.024401
img00183.ppm -0.042428 0.054437 0.996774 -0.057932 -0.036496 -0.060731
img00184.ppm -0.043816 0.054311 1.000624 -0.015636 -0.015718 0.019842
img00185.ppm -0.043389 0.055204 0.997039 0.023954 0.032702 0.059192
img00186.ppm -0.043038 0.053792 0.996969 0.031751 -0.080414 0.061616
img00187.ppm -0.042244 0.053681 0.995301 0.069229 0.090735 0.114272
img00188.ppm -0.043767 0.054783 0.998280 -0.083947 -0.000030 0.039130
img00189.ppm -0.043474 0.053556 0.997096 -0.047264 -0.028725 -0.030486
img00190.ppm -0.043185 0.054255 0.998302 -0.023079 0.039149 0.072110
img00191.ppm -0.042138 0.053525 0.996882 -0.138147 0.005748 0.007987
img00192.ppm -0.042548 0.053084 0.995907 0.058331 0.023135 -0.042053
img00193.ppm -0.043464 0.054436 0.995352 0.025307 -0.103165 -0.115697
img00194.ppm -0.044177 0.054663 0.998406 0.001934 -0.028543 0.048686
img00195.ppm -0.043712 0.055555 0.995981 0.034507 -0.014050 -0.093043
img00196.ppm -0.043046 0.053471 0.996498 0.025711 -0.010298 0.105016
img00197.ppm -0.043257 0.053677 0.997067 0.008478 0.064618 0.056681
img00198.ppm -0.043072 0.054897 0.994361 -0.016188 0.001024 -0.010341
img00199.ppm -0.043640 0.053899 0.995074 0.037830 -0.000939 -0.024926
img00200.ppm -0.043335 0.054630 0.996419 0.069487 -0.038681 0.019790
img00201.ppm -0.043423 0.054573 0.997691 0.015878 0.014489 -0.015673
img00202.ppm -0.043424 0.053231 0.996563 0.032902 0.021322 -0.044481
img00203.ppm -0.043835 0.054599 0.997002 0.074816 -0.011118 -0.163807
img00204.ppm -0.043069 0.055133 0.997176 -0.031566 0.005783 -0.076973
img00205.ppm -0.043928 0.055437 0.996232 -0.032167 0.070847 0.044981
img00206.ppm -0.042586 0.054212 0.996953 0.045414 -0.050579 0.067777
img00207.ppm -0.044808 0.054493 0.994010 0.007774 -0.051838 0.019092
img00208.ppm -0.043923 0.054633 0.996524 -0.056211 0.006457 -0.078646
img00209.ppm -0.043234 0.053841 0.997241 -0.024664 -0.069113 -0.002053
img00210.ppm -0.043900 0.053011 0.994817 -0.014022 -0.083934 -0.064007
img00211.ppm -0.042942 0.054153 0.996473 -0.093775 0.006723 0.102120
img00212.ppm -0.043421 0.054247 0.999378 0.004955 -0.003561 0.003010
img00213.ppm -0.042535 0.053742 0.998602 -0.047847 0.023621 0.043782
img00214.ppm -0.310804 0.001510 0.744383 30.897125 125.732857 -4.348237
img00215.ppm -0.087672 0.026301 0.988366 -19.370567 -69.965111 3.310729
img00216.ppm -0.125073 0.051815 0.845995 -12.037096 -11.453088 -1.410353
img00217.ppm -0.153426 0.123612 1.041203 -6.831403 -0.298994 -5.850626
img00218.ppm -0.026338 -0.008767 1.004202 4.480048 14.497417 -2.783636
img00219.ppm -0.088673 0.045825 1.006778 14.924585 8.869735 1.058609
img00220.ppm -0.102983 0.086150 0.982236 7.078846 8.380096 5.385994
img00221.ppm -0.011020 0.072886 1.055349 -7.001987 10.304612 -1.754119
img00222.ppm -0.080387 -0.073575 0.726170 5.588242 9.279870 -2.687617
img00223.ppm -0.081922 0.037572 0.922731 2.361606 -18.424686 3.188315
img00224.ppm -0.018714 0.007483 1.000040 1.923537 7.009184 -6.407500
img00225.ppm -0.092128 0.074310 0.982435 13.196457 7.995629 0.328347
img00226.ppm -0.059834 0.068993 1.020072 -11.939387 -10.010621 -3.536586
img00227.ppm 0.128382 -0.018475 1.063699 2.376775 6.099611 -0.330100
img00228.ppm -0.040025 0.037343 0.950313 30.846487 25.822470 8.003466
img00229.ppm -0.000317 0.112283 1.150523 -18.447128 -16.457047 2.543554
img00230.ppm -0.072627 0.000763 0.955911 9.713118 14.097065 3.070878
img00231.ppm -0.097523 0.075279 1.014656 -9.361256 -15.879670 2.588605
img00232.ppm -0.161654 0.112574 0.944752 2.724423 -3.259236 11.107484
img00233.ppm -0.044529 0.043044 0.954351 -9.534856 -14.642629 -6.727352
img00234.ppm -0.094713 0.099366 0.970184 -1.190607 24.138018 5.436311
img00235.ppm -0.101200 0.046427 0.998913 -22.505127 -19.105917 -12.284285
img00236.ppm -0.073586 0.152977 1.096433 -3.434748 -5.320709 -15.090353
img00237.ppm 0.075961 -0.018341 1.099579 19.111921 17.022221 3.995287
img00238.ppm -0.073501 0.172327 1.101791 -3.755072 -20.846304 0.399593
img00239.ppm -0.114939 0.041715 1.018072 -7.031900 0.814191 -6.658861
img00240.ppm -0.134779 0.225652 1.144485 -11.891754 9.924662 4.302882
img00241.ppm -0.077572 0.046183 0.873567 23.387312 12.637486 10.222912
img00242.ppm -0.130646 0.071430 1.076567 -6.987040 13.794259 3.961269
img00243.ppm -0.041671 -0.033451 1.006988 -16.409704 -25.761282 -2.770664
img00244.ppm -0.077169 0.090064 0.966614 9.870200 23.781591 7.555338
img00245.ppm -0.129094 0.069105 1.005232 16.484989 -10.394572 4.324607
img00246.ppm -0.041637 -0.005895 0.981451 6.092282 -5.671028 3.742847
img00247.ppm -0.017423 0.064905 1.140202 7.207824 -24.604471 -9.912271
img00248.ppm -0.048227 0.034061 0.987604 -2.817617 8.104285 2.536261
img00249.ppm -0.205937 0.028160 0.624409 -12.681059 8.744167 7.494194
img00250.ppm -0.120940 0.057841 0.966525 7.781844 35.701763 0.789912
img00251.ppm -0.050926 0.013817 0.991711 1.428604 -1.173405 -2.332485
img00252.ppm -0.169084 0.025371 0.997318 -0.458335 -16.661203 -1.294845
img00253.ppm -0.084204 0.041023 1.015926 2.785635 -21.979630 -6.714884
img00254.ppm -0.062782 0.055357 1.003294 -5.337749 -15.787128 -6.100197
img00255.ppm -0.051956 0.038855 0.875256 3.615015 13.605873 2.259781
img00256.ppm -0.050188 0.085638 1.035975 -15.986994 10.352535 -0.274684
img00257.ppm -0.083311 0.088248 1.077736 1.976843 4.175378 3.974644
img00258.ppm -0.044624 0.138064 1.076694 -8.552530 -21.942215 1.630498
img00259.ppm -0.095873 0.126436 0.934158 -11.466087 8.790697 5.413873
img00260.ppm -0.076178 0.058681 1.016702 0.219149 0.784750 -4.961577
img00261.ppm -0.035977 0.075948 1.107534 0.021998 2.797118 -1.959155
img00262.ppm -0.039361 0.020799 1.042233 1.322977 15.432898 4.697477
img00263.ppm -0.102370 -0.016190 1.037863 -5.493216 -20.417807 2.972220
img00264.ppm -0.090124 0.127800 1.001100 -1.572588 -9.349142 3.189267
img00265.ppm -0.110237 0.092826 0.976761 -13.232780 -6.942565 4.983176
img00266.ppm -0.102584 0.106312 0.999648 -10.428483 13.173114 8.564387
img00267.ppm -0.053442 0.076140 1.021999 -7.302150 -20.656805 -5.025095
img00268.ppm -0.025683 0.016746 0.999160 1.342518 -5.241949 -6.193335
img00269.ppm -0.020998 0.030051 1.047690 20.805258 4.684412 4.773468
img00270.ppm -0.041578 0.010370 1.027786 -7.049719 -5.376923 -3.603182
img00271.ppm -0.063506 0.106541 0.978478 11.889745 1.242108 0.396613
img00272.ppm -0.050979 0.093390 0.930525 -13.945838 10.746213 5.766179
img00273.ppm -0.064566 0.065744 0.972429 -0.988561 13.048262 -1.941081
img00274.ppm -0.065357 0.057422 0.958890 -2.799186 -0.705439 -3.493258
img00275.ppm -0.099060 0.063066 0.978573 -0.341505 -20.237551 -2.318073
img00276.ppm -0.041469 0.024103 0.973008 -0.434746 3.305871 5.185431
img00277.ppm -0.028814 -0.015433 0.972512 15.508241 11.140612 1.469854
img00278.ppm -0.096746 0.078757 1.042609 5.168236 15.086366 2.234832
img00279.ppm -0.079125 0.052389 1.034841 20.864092 1.945306 0.198339
img00280.ppm -0.097325 0.105687 0.962111 4.978878 13.585254 1.200610
img00281.ppm -0.094751 0.075268 0.996039 12.645144 6.484181 7.517304
img00282.ppm -0.032245 0.032526 0.957391 -13.840364 -8.361754 2.007396
img00283.ppm -0.064866 0.065191 0.959706 -1.351599 2.025842 0.092572
img00284.ppm -0.095818 0.123652 1.033092 6.745386 6.631788 0.384357
img00285.ppm -0.038743 0.029586 0.928398 -6.031556 0.534598 0.040290
img00286.ppm -0.082246 0.102841 0.983290 -10.545695 -1.714252 4.026876
img00287.ppm -0.093995 0.103980 0.993949 17.017256 4.272080 0.003594
img00288.ppm -0.073230 0.052485 1.023020 15.630051 5.664634 4.298471
img00289.ppm -0.072760 0.036779 0.980529 12.593926 0.659908 -2.532981
img00290.ppm -0.058648 0.078189 1.043684 3.524718 2.698590 8.859553
