img00000.ppm 18090.000000 0.020893 0.997579 -0.056696 -0.026202 -0.014244
img00001.ppm 18300.000000 0.020128 0.997590 -0.036759 -0.002757 -0.091795
img00002.ppm 18342.000000 0.020700 0.999233 -0.058408 -0.083138 -0.017036
img00003.ppm 18762.000000 0.030994 0.993972 -0.178888 1.091643 0.487878
img00004.ppm 18972.000000 0.017088 0.997961 -0.147411 0.067429 0.433690
img00005.ppm 19182.000000 0.035298 0.996316 0.028597 -0.782765 0.248231
img00006.ppm 19392.000000 0.032481 0.981151 3.176414 0.757890 -0.572816
img00007.ppm 19602.000000 -0.014517 0.997986 2.746357 3.490529 -0.101981
img00008.ppm 19812.000000 0.046594 1.001624 0.886830 1.761456 0.039348
img00009.ppm 20064.000000 0.015237 0.987206 -2.898008 4.514243 0.761990
img00010.ppm 20274.000000 0.044575 0.998893 3.779363 -0.899401 0.233680
img00011.ppm 20484.000000 -0.003584 0.999314 -0.579715 -1.805409 -0.050972
img00012.ppm 20694.000000 0.024978 1.000061 -0.156633 0.457390 0.228412
img00013.ppm 20904.000000 0.020540 0.995163 0.200161 0.528823 0.030534
img00014.ppm 21114.000000 0.020015 0.997892 -0.339559 -0.430064 -0.014985
img00015.ppm 21366.000000 0.017528 0.996208 0.161696 0.080606 -0.039130
img00016.ppm 21576.000000 0.019872 0.997437 -0.135374 -0.155682 0.087882
img00017.ppm 21786.000000 0.023143 0.996720 -0.018316 -0.226426 0.014411
img00018.ppm 21996.000000 0.020089 0.997318 0.102476 0.065846 -0.006637
img00019.ppm 22206.000000 0.020393 0.996778 0.087323 -0.004097 0.036094
img00020.ppm 22416.000000 0.021623 0.997237 -0.015501 -0.134929 0.008531
img00021.ppm 22668.000000 0.020806 0.998079 0.033535 0.013062 0.014524
img00022.ppm 22878.000000 0.019956 0.997527 -0.041615 -0.056233 0.008086
img00023.ppm 23088.000000 0.020324 0.996582 0.065457 -0.085175 0.011292
img00024.ppm 23298.000000 0.020968 0.995491 0.054775 -0.033658 -0.004956
img00025.ppm 23508.000000 0.020252 0.997596 -0.059648 0.087259 -0.085030
img00026.ppm 23718.000000 0.020108 0.998411 -0.033580 -0.016766 0.009337
img00027.ppm 23970.000000 0.021192 0.997864 0.021268 0.146417 0.151622
img00028.ppm 24180.000000 0.020510 0.996489 0.064155 -0.133937 0.018889
img00029.ppm 24390.000000 0.020027 0.993208 -0.009858 0.032056 0.062158
img00030.ppm 24600.000000 0.021608 0.997027 0.037859 0.048777 -0.098476
img00031.ppm 24810.000000 0.020809 0.997204 0.069304 -0.100601 0.051102
img00032.ppm 25062.000000 0.019949 0.997289 -0.001017 -0.067152 -0.004661
img00033.ppm 25272.000000 0.020915 0.999117 0.060936 0.031460 -0.015444
img00034.ppm 25482.000000 0.020811 0.999224 -0.025050 -0.019100 -0.060192
img00035.ppm 25692.000000 0.021119 0.997306 -0.070857 -0.046295 -0.055207
img00036.ppm 25734.000000 0.021768 0.997997 -0.075607 0.027608 0.009227
img00037.ppm 26154.000000 0.020990 0.994199 0.057278 0.018190 -0.077059
img00038.ppm 26364.000000 0.020569 0.996036 0.015529 -0.059322 0.082403
img00039.ppm 26574.000000 0.020744 0.998591 -0.053722 -0.088324 0.042775
img00040.ppm 26784.000000 0.020515 0.997760 0.078699 -0.061907 -0.005637
img00041.ppm 26994.000000 0.020792 0.996865 0.074401 -0.043061 0.101185
img00042.ppm 27204.000000 0.021364 0.997832 -0.063653 -0.050575 -0.010821
img00043.ppm 27456.000000 0.020476 0.997257 -0.046773 0.002214 -0.027978
img00044.ppm 27666.000000 0.021526 0.996671 -0.031027 0.035088 -0.044809
img00045.ppm 27876.000000 0.021339 0.997317 0.019097 -0.064455 -0.047827
img00046.ppm 28086.000000 0.020806 0.998398 -0.000058 -0.034218 0.102098
img00047.ppm 28296.000000 0.019719 0.997661 0.069040 -0.074527 -0.022884
img00048.ppm 28548.000000 0.021431 0.997907 -0.059791 -0.024755 -0.054393
img00049.ppm 28758.000000 0.021743 0.997344 0.054048 -0.097635 0.026607
img00050.ppm 28968.000000 0.019484 0.997894 0.008944 0.008373 0.015549
img00051.ppm 29178.000000 0.019740 0.997754 -0.038795 -0.076889 -0.037095
img00052.ppm 29220.000000 0.020076 0.996882 0.035529 -0.046352 -0.028947
img00053.ppm 29640.000000 0.020335 0.998437 -0.044630 -0.079742 0.176986
img00054.ppm 29850.000000 0.019566 0.993884 -0.031419 -0.004489 -0.064276
img00055.ppm 30060.000000 0.020659 0.997520 0.018597 0.050321 -0.067014
img00056.ppm 30270.000000 0.021582 0.996580 -0.039049 -0.088651 0.086564
img00057.ppm 30480.000000 0.020396 0.996757 -0.090678 0.006793 0.055681
img00058.ppm 30522.000000 0.019849 0.996252 0.049816 -0.063908 0.139979
img00059.ppm 30942.000000 0.020818 0.995843 -0.052407 -0.059321 0.014159
img00060.ppm 31152.000000 0.021483 0.995776 0.041961 0.026908 0.083004
img00061.ppm 31362.000000 0.021126 0.996789 -0.113300 -0.028270 -0.027845
img00062.ppm 31572.000000 0.020972 0.996550 0.059999 -0.050054 0.064867
img00063.ppm 31782.000000 0.020937 0.995213 0.014027 -0.023385 0.038597
img00064.ppm 31992.000000 0.022031 0.996213 -0.028334 0.039255 -0.010913
img00065.ppm 32244.000000 0.018940 0.997531 0.042142 0.024776 0.017128
img00066.ppm 32454.000000 0.019755 0.998386 0.063375 -0.102958 -0.010574
img00067.ppm 32664.000000 0.020751 0.997243 0.005407 0.004372 0.000365
img00068.ppm 32874.000000 0.021364 0.995373 0.018305 0.023609 -0.045192
img00069.ppm 33084.000000 0.021726 0.995047 -0.085296 0.053315 0.095905
img00070.ppm 33336.000000 0.021109 0.997436 -0.096323 -0.121690 0.058792
img00071.ppm 33546.000000 0.020137 0.996835 -0.083196 0.100918 -0.078475
img00072.ppm 33756.000000 0.021490 0.997441 -0.032424 -0.044877 0.073187
img00073.ppm 33966.000000 0.020072 0.999157 0.041065 -0.146602 -0.065968
img00074.ppm 34176.000000 0.021909 0.997374 -0.055674 0.005817 -0.020008
img00075.ppm 34428.000000 0.020845 0.997530 0.030225 -0.092263 0.000577
img00076.ppm 34638.000000 0.020358 0.997852 -0.058609 -0.008164 -0.118317
img00077.ppm 34848.000000 0.022015 0.996463 0.007886 0.096822 -0.043662
img00078.ppm 35058.000000 0.020298 0.995105 0.079504 0.021875 0.011997
img00079.ppm 35268.000000 0.021457 0.995412 0.019875 -0.025478 0.097781
img00080.ppm 35520.000000 0.020778 0.997444 0.037692 -0.082453 0.022674
img00081.ppm 35730.000000 0.020805 0.997924 0.008132 0.023234 -0.043127
img00082.ppm 35940.000000 0.021729 0.997516 -0.004897 -0.050164 0.082670
img00083.ppm 36150.000000 0.019385 0.997411 -0.012216 -0.080886 -0.067808
img00084.ppm 36360.000000 0.021599 0.994463 -0.047386 -0.021895 -0.088240
img00085.ppm 36612.000000 0.020136 0.997278 0.039107 -0.036730 0.137186
img00086.ppm 36822.000000 0.020222 0.993850 0.054070 -0.048245 -0.055137
img00087.ppm 37032.000000 0.023061 0.995619 -0.097356 0.033642 -0.023110
img00088.ppm 37242.000000 0.020004 0.994308 -0.030971 0.036643 0.022734
img00089.ppm 37452.000000 0.021325 0.996541 -0.067919 0.013216 0.019306
img00090.ppm 37704.000000 0.021776 0.997494 -0.046028 0.071792 0.048941
img00091.ppm 37914.000000 0.021262 0.995739 -0.036458 0.039963 -0.077065
img00092.ppm 38124.000000 0.021365 0.995692 -0.050007 -0.051228 0.068945
img00093.ppm 38334.000000 0.021022 0.995186 0.039926 0.071886 0.072491
img00094.ppm 38586.000000 0.022035 0.995425 0.061505 0.116044 -0.043336
img00095.ppm 38796.000000 0.020783 0.996868 0.027101 -0.036425 0.046641
img00096.ppm 39006.000000 0.019527 0.994740 0.024805 -0.016845 0.099690
img00097.ppm 39216.000000 0.021402 0.994798 -0.025098 -0.103044 -0.042497
img00098.ppm 39468.000000 0.019627 0.997891 0.058628 0.020586 0.066116
img00099.ppm 39678.000000 0.020365 0.996969 0.024613 -0.140460 0.065146
img00100.ppm 39888.000000 0.021463 0.996033 0.144845 -0.053058 0.072750
img00101.ppm 40098.000000 0.020960 0.999280 0.043256 -0.091714 0.017726
img00102.ppm 40308.000000 0.021412 0.997057 -0.002388 -0.108705 0.108010
img00103.ppm 40560.000000 0.020070 0.998228 0.034680 -0.098749 0.022394
img00104.ppm 40770.000000 0.019811 0.997832 0.029746 0.018245 0.027768
img00105.ppm 40980.000000 0.020579 0.995674 0.035483 -0.036913 -0.069474
img00106.ppm 41232.000000 0.019289 0.996589 -0.088400 -0.048805 -0.008235
img00107.ppm 41442.000000 0.021094 0.995290 0.055014 -0.071580 -0.057664
img00108.ppm 41652.000000 0.020557 0.997797 -0.115402 -0.039995 -0.060852
img00109.ppm 41862.000000 0.020901 0.996312 -0.040634 -0.100262 0.035474
img00110.ppm 41904.000000 0.021623 0.997596 0.077360 -0.133758 0.036134
img00111.ppm 42324.000000 0.021763 0.995462 0.030581 -0.086625 0.066044
img00112.ppm 42534.000000 0.020704 0.997130 0.071100 -0.141183 0.044011
img00113.ppm 42744.000000 0.021125 0.996981 -0.022294 0.015388 -0.035309
img00114.ppm 42954.000000 0.021007 0.998439 -0.049772 -0.002128 0.209544
img00115.ppm 43206.000000 0.020674 0.995054 0.032963 -0.060532 0.052931
img00116.ppm 43416.000000 0.021762 0.996268 0.053684 -0.079722 0.111856
img00117.ppm 43626.000000 0.020216 0.996365 0.166964 -0.111259 -0.073583
img00118.ppm 43836.000000 0.019608 0.995604 0.034671 -0.088862 0.018377
img00119.ppm 44088.000000 0.020210 0.995003 0.055914 -0.147050 0.101381
img00120.ppm 44298.000000 0.020657 0.996380 -0.043902 -0.012914 -0.080320
img00121.ppm 44508.000000 0.019724 0.995451 0.102911 -0.031863 0.016902
img00122.ppm 44718.000000 0.020536 0.996983 0.031034 -0.025593 -0.063767
img00123.ppm 44928.000000 0.021298 0.996879 0.020365 -0.084824 0.086819
img00124.ppm 45180.000000 0.020907 0.994565 0.089838 -0.127306 -0.025993
img00125.ppm 45390.000000 0.019386 0.996907 -0.021227 -0.107667 0.017167
img00126.ppm 45600.000000 0.020552 0.996801 0.009806 -0.050473 -0.045000
img00127.ppm 45642.000000 0.021216 0.996139 0.004764 -0.048128 -0.035077
img00128.ppm 46062.000000 0.020877 0.997303 0.029821 -0.011586 0.037123
img00129.ppm 46272.000000 0.020314 0.994925 0.072906 -0.049486 -0.004742
img00130.ppm 46482.000000 0.018359 0.994653 0.008488 -0.031880 0.140270
img00131.ppm 46692.000000 0.022465 0.996222 -0.037041 -0.033382 0.123353
img00132.ppm 46944.000000 0.020808 0.996221 0.041767 0.012229 0.055749
img00133.ppm 47154.000000 0.019364 0.996861 0.073319 -0.085271 -0.058400
img00134.ppm 47364.000000 0.020928 0.995909 -0.038888 -0.011012 -0.009598
img00135.ppm 47574.000000 0.020821 0.994418 -0.047546 0.060786 0.006803
img00136.ppm 47826.000000 0.019138 0.995018 -0.023448 -0.017675 0.038655
img00137.ppm 48036.000000 0.020627 0.995729 0.007699 0.101671 -0.082146
img00138.ppm 48246.000000 0.020625 0.996044 -0.080615 0.022791 -0.034585
img00139.ppm 48456.000000 0.020838 0.996697 -0.070787 -0.109906 -0.154927
img00140.ppm 48708.000000 0.021686 0.996063 -0.043914 -0.011755 0.030210
img00141.ppm 48918.000000 0.018698 0.995562 0.034973 0.024859 0.142241
img00142.ppm 49128.000000 0.021009 0.996059 0.042806 0.026368 0.025772
img00143.ppm 49338.000000 0.020540 0.996908 -0.051439 -0.158793 -0.001670
img00144.ppm 49380.000000 0.020648 0.995230 0.014006 -0.052388 0.054723
img00145.ppm 49800.000000 0.020018 0.995659 0.042072 -0.020650 0.108761
img00146.ppm 50010.000000 0.021130 0.996847 -0.022042 -0.004483 -0.035972
img00147.ppm 0.000000 nan -18545801805073810000000000000000000000.000000 438682058534533700000.000000 565282045666930300000000000000000000.000000 0.000000
img00148.ppm 50430.000000 0.020505 0.996148 0.014802 0.032963 0.065780
img00149.ppm 50682.000000 0.018370 0.994719 0.025543 0.064556 0.090686
img00150.ppm 50892.000000 0.021027 0.996456 0.063214 -0.053150 -0.088892
img00151.ppm 51102.000000 0.021444 0.995743 -0.101235 -0.133097 -0.110342
img00152.ppm 51144.000000 0.019781 0.996139 -0.013493 0.039707 0.000541
img00153.ppm 51564.000000 0.022354 0.997229 -0.098189 -0.014425 0.062045
img00154.ppm 51774.000000 0.019495 0.996466 0.013245 0.011285 0.023556
img00155.ppm 51984.000000 0.021038 0.996292 0.030735 -0.006223 -0.071668
img00156.ppm 52236.000000 0.021470 0.996789 -0.072658 -0.019549 0.064193
img00157.ppm 52446.000000 0.020122 0.995788 -0.044668 -0.112411 -0.138005
img00158.ppm 52656.000000 0.020363 0.995743 0.096336 -0.082021 -0.036574
img00159.ppm 52908.000000 0.017093 0.960053 -1.591453 -2.051389 1.144509
img00160.ppm 53118.000000 0.013632 0.936487 2.712265 13.245779 1.713450
img00161.ppm 53328.000000 -0.003071 0.983324 -5.370923 -6.326299 -5.566427
img00162.ppm 53370.000000 0.028551 0.969204 -5.880144 -3.590266 -4.615699
img00163.ppm 53790.000000 0.007212 1.006648 3.059687 10.306455 1.404191
img00164.ppm 54000.000000 0.020426 1.003284 1.922782 -2.672913 0.487467
img00165.ppm 54210.000000 0.034501 1.043698 -0.057921 -1.792557 1.077723
img00166.ppm 54252.000000 -0.022774 1.022576 4.320507 4.738849 -1.951132
img00167.ppm 54672.000000 -0.013960 1.020464 -4.556708 -2.606547 -0.819974
img00168.ppm 54882.000000 0.020373 1.057558 5.203693 -2.929566 -0.327251
img00169.ppm 55092.000000 0.011223 1.006369 -5.450837 -9.194669 -5.080551
img00170.ppm 55302.000000 -0.001738 1.003557 3.393473 -0.283833 0.600395
img00171.ppm 55554.000000 -0.011830 0.974876 -3.492476 -2.338944 2.667625
img00172.ppm 55764.000000 -0.003492 1.006503 6.490245 7.210978 -2.441634
img00173.ppm 55974.000000 0.010126 1.019058 7.109962 -2.593982 -4.896045
img00174.ppm 56184.000000 -0.051917 0.919278 -3.705901 0.457031 -0.361704
img00175.ppm 56436.000000 -0.025333 1.025307 3.578372 6.301459 -1.293890
img00176.ppm 56646.000000 -0.001387 0.949749 6.152644 -3.577860 -1.344346
img00177.ppm 56856.000000 0.018455 0.985793 -1.662416 -0.713420 -1.201116
img00178.ppm 57066.000000 0.027124 0.976943 0.986937 0.523931 -2.289972
img00179.ppm 57318.000000 -0.034561 0.968967 -3.199354 -2.299396 -0.818783
img00180.ppm 57528.000000 -0.006394 1.000388 2.250539 -3.671350 -0.404964
img00181.ppm 57738.000000 0.002687 0.971196 0.883127 -2.576574 0.789974
img00182.ppm 57990.000000 -0.035929 0.977101 3.527951 1.322760 -5.849168
img00183.ppm 58200.000000 0.030364 1.007489 -7.275915 1.692163 0.549869
img00184.ppm 58410.000000 -0.015005 0.984901 -4.294136 -4.180783 -2.873476
img00185.ppm 58452.000000 0.030246 1.188271 -1.328275 8.306905 0.646583
img00186.ppm 58872.000000 -0.002638 0.985141 -6.247977 -0.227437 -1.484062
img00187.ppm 59082.000000 0.026547 1.024882 8.416481 -8.658562 -0.948960
img00188.ppm 59292.000000 0.031917 0.910479 -1.392087 6.213634 -0.941687
img00189.ppm 59544.000000 -0.011032 1.030517 -10.066870 -3.525609 -2.926849
img00190.ppm 59754.000000 0.021869 0.997813 -5.696175 -2.159789 0.256861
img00191.ppm 59964.000000 -0.013356 0.996631 10.033517 3.717318 0.683698
img00192.ppm 60216.000000 -0.024874 0.909276 3.454510 -5.956227 7.534116
img00193.ppm 60426.000000 0.024911 0.981927 -27.840284 6.049174 0.499537
img00194.ppm 60636.000000 0.016087 1.044456 18.344757 2.390084 0.738876
img00195.ppm 60888.000000 -0.051850 0.901844 25.458889 -0.276550 3.944484
img00196.ppm 61098.000000 -0.026171 0.958841 8.923998 3.360732 3.326636
img00197.ppm 61308.000000 0.030605 1.018970 -6.115638 5.783407 0.118822
img00198.ppm 61518.000000 0.001024 1.053294 -1.295561 2.385339 0.138824
img00199.ppm 61770.000000 -0.003883 1.065108 -2.267004 5.691530 1.851634
img00200.ppm 61980.000000 -0.004289 1.069122 1.792915 11.801329 0.944670
img00201.ppm 62190.000000 0.007269 1.008739 -7.443624 7.481913 0.010476
img00202.ppm 62400.000000 -0.022684 1.048981 -5.451006 5.430574 -0.299655
img00203.ppm 62652.000000 -0.007405 1.057147 1.760343 1.804556 -1.550793
img00204.ppm 62862.000000 0.031239 1.066669 4.703422 1.867105 0.940241
img00205.ppm 63072.000000 -0.049852 0.959891 9.718300 -8.327910 0.994015
img00206.ppm 63282.000000 -0.003564 1.039697 -1.921325 0.003546 0.093331
img00207.ppm 63534.000000 -0.008364 1.016041 3.838207 -1.049640 -0.674599
img00208.ppm 63744.000000 -0.025863 1.030344 -2.380000 2.363233 2.356243
img00209.ppm 63954.000000 0.009420 1.004026 -5.586232 -3.071916 -3.604526
img00210.ppm 64206.000000 0.015603 1.015347 4.865538 -0.336691 3.552404
img00211.ppm 64416.000000 -0.003431 1.011669 0.571962 4.727247 -0.193087
img00212.ppm 64626.000000 -0.008147 1.005838 -3.619083 6.578466 2.150151
img00213.ppm 64878.000000 0.030097 1.036096 -2.612181 -2.103715 4.562149
img00214.ppm 65088.000000 -0.014962 1.037292 10.540556 6.188880 0.429038
img00215.ppm 65298.000000 -0.005001 1.020203 -3.797022 0.198915 -3.740909
img00216.ppm 65508.000000 0.016514 0.958049 -2.012940 1.205711 1.751659
img00217.ppm 65760.000000 -0.029147 0.984014 -2.483783 -0.992660 -3.642179
img00218.ppm 65970.000000 0.054807 1.030889 7.567636 -3.690856 0.721736
img00219.ppm 66180.000000 -0.044725 0.955312 -0.830726 8.430607 -2.294250
img00220.ppm 66432.000000 -0.043512 0.976921 -0.410884 -4.125340 -1.521440
img00221.ppm 66642.000000 -0.002203 1.001193 10.881377 -1.304962 -1.572984
img00222.ppm 66852.000000 -0.036405 0.926646 2.128191 2.703558 -1.720246
img00223.ppm 67062.000000 -0.118278 0.834611 6.193824 3.341338 5.938149
img00224.ppm 67104.000000 -0.020018 1.008806 8.619966 -11.182575 -1.966456
img00225.ppm 67524.000000 -0.003034 0.995428 1.372419 6.139269 -1.676183
img00226.ppm 67734.000000 0.008093 1.018059 4.385937 0.186679 -0.041340
img00227.ppm 67944.000000 0.016626 1.011623 -8.969101 5.645339 -0.502988
img00228.ppm 68154.000000 0.008638 0.900438 5.652075 -1.779722 2.920370
img00229.ppm 68406.000000 -0.006608 0.934595 -1.189793 7.762427 0.331846
img00230.ppm 68616.000000 0.009661 1.037804 -2.791245 6.666702 5.064258
img00231.ppm 68826.000000 0.004424 0.972685 -6.145869 -0.408857 -1.017213
img00232.ppm 69036.000000 0.020703 1.016530 -1.459405 2.487102 -1.259828
img00233.ppm 69288.000000 -0.038215 0.951896 1.077844 -6.047302 -0.136733
img00234.ppm 69498.000000 -0.015970 0.926619 0.306386 1.055461 0.690618
img00235.ppm 69708.000000 0.048771 1.004491 1.350266 3.978005 -1.080181
img00236.ppm 69918.000000 0.008969 1.014508 -3.021479 -5.614164 -4.407760
img00237.ppm 70128.000000 0.014211 0.990556 -3.964987 -3.493947 3.121698
img00238.ppm 70380.000000 0.033798 0.989221 3.250240 -10.673048 -3.421378
img00239.ppm 70590.000000 0.019847 0.967254 -3.492871 -4.999409 -1.637580
img00240.ppm 70800.000000 0.076930 1.004635 -1.164122 -4.977830 -0.020417
img00241.ppm 70842.000000 0.010588 1.079349 -1.052729 4.739775 -2.249994
img00242.ppm 71262.000000 -0.008004 0.968672 0.766401 6.573073 0.790228
