img00000.ppm 37452.000000 -0.061747 0.999513 0.044119 -0.052387 0.038041
img00001.ppm 37788.000000 -0.060312 0.996379 -0.005357 -0.060932 -0.085796
img00002.ppm 38082.000000 -0.061546 0.999502 0.082702 -0.061966 0.046316
img00003.ppm 38418.000000 -0.062748 0.995629 0.147650 -0.026226 -0.007816
img00004.ppm 38712.000000 -0.060689 0.996011 -0.011695 0.009983 0.039349
img00005.ppm 38922.000000 -0.064366 0.994609 0.021410 0.002801 0.032228
img00006.ppm 39342.000000 -0.060078 0.994473 -0.180408 -0.046860 0.119861
img00007.ppm 39678.000000 -0.060693 0.997570 0.029530 -0.033276 0.068556
img00008.ppm 39972.000000 -0.059421 0.996232 -0.151347 0.007192 -0.019630
img00009.ppm 40308.000000 -0.061385 0.996766 -0.020055 -0.123036 0.089598
img00010.ppm 40602.000000 -0.061869 0.998689 -0.061030 -0.045736 0.068982
img00011.ppm 40938.000000 -0.060510 0.996991 -0.061641 0.001412 0.068176
img00012.ppm 41232.000000 -0.060632 0.999918 0.096776 -0.065959 0.044021
img00013.ppm 41526.000000 -0.061394 0.998941 0.041682 -0.129717 -0.012440
img00014.ppm -0.000000 70873731515869800000000000000000000000.000000 0.000000 0.000000 -0.000000 0.000000
img00015.ppm 42156.000000 -0.061238 0.995342 -0.037341 -0.035129 0.089459
img00016.ppm 42492.000000 -0.060786 0.995258 -0.017361 0.059597 -0.020935
img00017.ppm 42786.000000 -0.061545 0.997023 -0.084428 0.025394 0.055698
img00018.ppm 43122.000000 -0.061704 0.995083 -0.020627 -0.020010 -0.060210
img00019.ppm 43416.000000 -0.060671 0.996625 0.069946 0.023047 0.031554
img00020.ppm 43626.000000 -0.061986 0.995909 0.012639 -0.028604 -0.003665
img00021.ppm 44046.000000 -0.061331 0.997526 -0.026362 -0.059846 0.005375
img00022.ppm 44382.000000 -0.061875 0.995827 0.000024 -0.039988 -0.022752
img00023.ppm 44676.000000 -0.060687 0.998371 0.016867 -0.004551 0.106329
img00024.ppm 45012.000000 -0.060848 0.996638 -0.051397 -0.062335 0.094729
img00025.ppm 45306.000000 -0.060933 0.997399 0.012015 -0.056501 0.001620
img00026.ppm 45642.000000 -0.061057 0.996180 -0.045063 -0.063368 0.064726
img00027.ppm 45936.000000 -0.061639 0.996768 0.107771 -0.058747 0.057397
img00028.ppm 46230.000000 -0.061389 0.996999 0.062524 -0.109294 0.112956
img00029.ppm 46566.000000 -0.061537 0.998287 -0.082571 -0.037614 -0.023870
img00030.ppm 46860.000000 -0.060365 0.997847 -0.026001 -0.064376 -0.076469
img00031.ppm 47196.000000 -0.060476 0.997814 0.039283 -0.085908 0.035643
img00032.ppm 47490.000000 -0.060984 0.996392 0.026172 0.063357 0.058640
img00033.ppm 47826.000000 -0.061396 0.997331 -0.004702 -0.096945 -0.071781
img00034.ppm 48120.000000 -0.060018 0.996185 -0.009875 -0.041501 -0.010101
img00035.ppm 48330.000000 -0.061527 0.996469 0.006443 -0.035001 0.006829
img00036.ppm 48750.000000 -0.061720 0.996070 0.024350 -0.009562 0.017126
img00037.ppm 49086.000000 -0.062471 0.995691 0.011399 -0.153223 0.058044
img00038.ppm 49380.000000 -0.061928 0.995753 -0.037806 0.021772 0.098050
img00039.ppm 49716.000000 -0.061772 0.994893 -0.022869 -0.000565 0.059842
img00040.ppm 50010.000000 -0.062410 0.997856 0.077367 0.006972 0.144381
img00041.ppm 50346.000000 -0.061210 0.997938 0.107189 -0.065169 0.000905
img00042.ppm 50640.000000 -0.059562 0.995241 0.057752 -0.041120 0.009518
img00043.ppm 50976.000000 -0.060646 0.997888 -0.009535 -0.008579 0.027599
img00044.ppm 51270.000000 -0.059536 0.997032 0.054940 -0.010131 0.122208
img00045.ppm 51606.000000 -0.061250 0.994910 -0.063037 -0.011032 0.022761
img00046.ppm 51900.000000 -0.061152 0.997767 0.070184 -0.167087 0.087888
img00047.ppm 52236.000000 -0.061164 0.996179 -0.013002 -0.059232 0.031170
img00048.ppm 52530.000000 -0.061364 0.997616 0.045987 -0.077202 -0.021701
img00049.ppm 52866.000000 -0.060898 0.997036 -0.005403 0.000846 -0.037720
img00050.ppm 53160.000000 -0.061114 0.997242 0.065336 -0.059647 0.066884
img00051.ppm 53496.000000 -0.061158 0.996985 0.036338 -0.020301 0.013935
img00052.ppm 53790.000000 -0.059683 0.995622 -0.063118 -0.010481 0.127826
img00053.ppm 54126.000000 -0.060748 0.997375 0.002236 -0.006523 0.003732
img00054.ppm 54420.000000 -0.060336 0.997943 -0.022192 -0.074411 -0.003544
img00055.ppm 54756.000000 -0.060458 0.996295 0.059332 0.002482 -0.026424
img00056.ppm 55050.000000 -0.061093 0.993780 -0.006216 -0.031420 0.094506
img00057.ppm 55386.000000 -0.061112 0.994601 -0.012309 -0.040530 0.059978
img00058.ppm 55680.000000 -0.061457 0.994875 0.034767 -0.024344 -0.029299
img00059.ppm 56016.000000 -0.059242 0.995855 -0.031982 -0.046362 0.027953
img00060.ppm 56310.000000 -0.061172 0.994733 0.043191 -0.015025 0.005031
img00061.ppm 56646.000000 -0.061921 0.997791 0.005604 -0.063713 0.118533
img00062.ppm 56940.000000 -0.061177 0.997419 0.144930 0.038660 -0.031690
img00063.ppm 57150.000000 -0.060291 0.995692 -0.034909 0.026338 0.053402
img00064.ppm 57570.000000 -0.062011 0.996282 -0.002672 0.018929 0.026143
img00065.ppm 57780.000000 -0.061013 0.995506 0.049067 0.102060 -0.041956
img00066.ppm 58200.000000 -0.060914 0.997096 0.009247 0.001914 -0.058082
img00067.ppm 58536.000000 -0.061704 0.995840 0.035278 -0.063293 0.038246
img00068.ppm 58830.000000 -0.062349 0.997830 -0.067167 -0.088077 0.049951
img00069.ppm 59166.000000 -0.061821 0.997419 0.041927 -0.095327 0.038805
img00070.ppm 59460.000000 -0.061394 0.998095 -0.009663 -0.015747 0.091752
img00071.ppm 59796.000000 -0.061934 0.995099 0.055596 -0.136049 0.131502
img00072.ppm 60090.000000 -0.061318 0.995684 0.079766 0.018201 0.038914
img00073.ppm 60426.000000 -0.061863 0.995921 0.182636 0.009809 0.038903
img00074.ppm 60720.000000 -0.062327 0.998389 -0.013452 0.033728 -0.009426
img00075.ppm 61056.000000 -0.061427 0.995170 -0.055518 -0.004452 0.100262
img00076.ppm 61350.000000 -0.061230 0.996230 0.039423 0.068938 -0.076744
img00077.ppm 61686.000000 -0.060164 0.995971 0.102292 0.000562 -0.014538
img00078.ppm 61980.000000 -0.060401 0.994984 -0.044109 -0.091670 0.057044
img00079.ppm 62316.000000 -0.060243 0.996337 -0.030040 0.086231 0.005176
img00080.ppm 62610.000000 -0.061369 0.994928 -0.064665 -0.027084 0.037483
img00081.ppm 62946.000000 -0.060727 0.996689 0.010046 -0.028782 0.024894
img00082.ppm 63240.000000 -0.061508 0.995579 0.098030 -0.021022 0.055939
img00083.ppm 63576.000000 -0.061374 0.996775 0.008301 -0.108543 0.101446
img00084.ppm 63870.000000 -0.061535 0.993300 0.047484 -0.045966 0.031755
img00085.ppm 64206.000000 -0.063339 0.995610 0.009524 0.052165 -0.019019
img00086.ppm 64542.000000 -0.062204 0.995772 0.049453 0.001089 0.023600
img00087.ppm 64836.000000 -0.060952 0.994742 0.037356 0.028766 0.097647
img00088.ppm 65172.000000 -0.061919 0.996946 -0.061160 -0.032127 0.045674
img00089.ppm 65466.000000 -0.060148 0.995142 0.088242 -0.004142 -0.111624
img00090.ppm 65802.000000 -0.062888 0.997408 0.015852 -0.092613 0.051417
img00091.ppm 66096.000000 -0.061293 0.995626 0.209938 -0.034434 0.071855
img00092.ppm 66432.000000 -0.060419 0.996750 0.091313 -0.101296 0.044039
img00093.ppm 66726.000000 -0.061431 0.995710 -0.018503 -0.008139 0.054755
img00094.ppm 67062.000000 -0.062925 0.996360 0.148369 -0.109499 -0.048859
img00095.ppm 67356.000000 -0.061769 0.995909 0.015104 -0.150202 -0.025803
img00096.ppm 67692.000000 -0.062737 0.996596 0.084176 -0.008603 0.057061
img00097.ppm 67986.000000 -0.061784 0.997368 0.036745 0.004336 -0.035994
img00098.ppm 68322.000000 -0.061465 0.998376 0.032142 0.003360 0.009113
img00099.ppm 68616.000000 -0.060728 0.997297 -0.031494 0.048305 0.109236
img00100.ppm 68952.000000 -0.062122 0.996154 -0.003999 -0.010738 -0.025795
img00101.ppm 69246.000000 -0.061095 0.996474 0.043901 -0.080584 0.095525
img00102.ppm 69288.000000 -0.060590 0.997857 0.081237 -0.090201 -0.027657
img00103.ppm 69876.000000 -0.061030 0.997134 0.022502 -0.008790 -0.057622
img00104.ppm 70086.000000 -0.060731 0.996302 0.075120 -0.080650 0.019428
img00105.ppm 70506.000000 -0.060879 0.994098 0.046455 -0.071053 0.097143
img00106.ppm 70842.000000 -0.061137 0.994483 -0.027522 -0.067611 0.024838
img00107.ppm 71136.000000 -0.061426 0.996316 0.093990 -0.056544 -0.033037
img00108.ppm 71472.000000 -0.061243 0.995823 0.034036 0.021119 -0.016285
img00109.ppm 71766.000000 -0.060952 0.996035 0.057934 0.032588 -0.023508
img00110.ppm 72102.000000 -0.061982 0.997423 0.036673 -0.079066 -0.004240
img00111.ppm 72396.000000 -0.060755 0.997439 0.127217 -0.090785 -0.046349
img00112.ppm 72732.000000 -0.061021 0.996929 -0.003888 -0.124291 0.010040
img00113.ppm 73026.000000 -0.061120 0.996318 0.122672 -0.050604 0.060342
img00114.ppm 73362.000000 -0.062036 0.994168 0.126982 -0.025532 0.057285
img00115.ppm 73656.000000 -0.062250 0.997149 -0.085951 -0.007562 0.011946
img00116.ppm 73992.000000 -0.062198 0.997414 0.011464 -0.004220 -0.042929
img00117.ppm 74286.000000 -0.063032 0.995161 0.055737 -0.025949 -0.030400
img00118.ppm 74622.000000 -0.060966 0.996764 -0.042411 0.041909 -0.094221
img00119.ppm 74916.000000 -0.061691 0.994707 0.098272 -0.054802 0.049153
img00120.ppm 75252.000000 -0.060375 0.993970 0.086145 -0.115431 0.077599
img00121.ppm 75546.000000 -0.061606 0.996469 -0.010393 -0.053133 0.085303
img00122.ppm 75882.000000 -0.061510 0.995028 -0.007505 -0.007259 -0.018622
img00123.ppm 76176.000000 -0.061953 0.997500 0.088628 -0.069540 -0.054703
img00124.ppm 76512.000000 -0.061887 0.995064 0.148407 -0.026765 0.125452
img00125.ppm 76848.000000 -0.061859 0.995740 0.060840 -0.064754 -0.050809
img00126.ppm 77142.000000 -0.061541 0.994720 0.041208 0.013019 -0.022803
img00127.ppm 77478.000000 -0.061885 0.993557 -0.009551 -0.053750 0.012260
img00128.ppm 77772.000000 -0.062468 0.995686 0.063935 -0.012386 0.074829
img00129.ppm 78108.000000 -0.060977 0.995372 0.045757 -0.020051 0.051513
img00130.ppm 78402.000000 -0.061095 0.996212 0.078716 -0.018541 0.123572
img00131.ppm 78738.000000 -0.062890 0.994465 0.092952 0.053665 0.103657
img00132.ppm 79032.000000 -0.062283 0.997914 0.122584 -0.018535 0.017797
img00133.ppm 79368.000000 -0.062517 0.996272 -0.019323 0.075102 0.067441
img00134.ppm 79662.000000 -0.062406 0.993904 0.025958 -0.032358 0.001125
img00135.ppm 79998.000000 -0.061537 0.995226 -0.024061 -0.030976 0.108886
img00136.ppm 80292.000000 -0.062671 0.996615 0.101930 0.063853 0.063022
img00137.ppm 80628.000000 -0.062740 0.995257 -0.041250 -0.059826 -0.010666
img00138.ppm 80922.000000 -0.062382 0.996416 0.057434 0.000591 0.098993
img00139.ppm 81258.000000 -0.062194 0.995330 -0.017834 -0.021722 0.158453
img00140.ppm 81552.000000 -0.063254 0.997578 0.014182 -0.089198 0.062495
img00141.ppm 81888.000000 -0.061832 0.994962 0.053615 -0.061501 -0.025638
img00142.ppm 82182.000000 -0.062712 0.996287 0.121373 -0.009542 0.031739
img00143.ppm 82518.000000 -0.061842 0.996225 0.012547 -0.061513 0.088240
img00144.ppm 82812.000000 -0.062053 0.996724 -0.102278 -0.025066 0.036627
img00145.ppm 82854.000000 -0.060945 0.994182 0.083056 0.029697 -0.030550
img00146.ppm 83442.000000 -0.062349 0.997606 0.034979 -0.044601 -0.025343
img00147.ppm 83652.000000 -0.062804 0.993592 0.058901 -0.062977 0.022263
img00148.ppm 84072.000000 -0.061252 0.996652 -0.036597 -0.066239 0.036437
img00149.ppm 84408.000000 -0.061808 0.994053 0.027297 -0.067830 0.075561
img00150.ppm 84702.000000 -0.061695 0.995709 -0.017309 0.061946 -0.011243
img00151.ppm 85038.000000 -0.061081 0.996055 0.038817 -0.077591 -0.036035
img00152.ppm 85332.000000 -0.061664 0.993001 0.121886 -0.066583 -0.037325
img00153.ppm 85668.000000 -0.061252 0.993771 -0.017915 0.077597 -0.024915
img00154.ppm 85962.000000 -0.061458 0.994870 0.036316 -0.030850 -0.012737
img00155.ppm 86298.000000 -0.061387 0.993420 0.118302 -0.130228 0.042118
img00156.ppm 86592.000000 -0.061230 0.995752 0.016809 0.123518 0.037869
img00157.ppm 86928.000000 -0.061560 0.995311 0.010064 -0.070238 0.002015
img00158.ppm 87222.000000 -0.060850 0.994706 0.040817 0.000493 0.008122
img00159.ppm 87516.000000 -0.063140 0.995948 0.026961 0.001274 0.127470
img00160.ppm 87852.000000 -0.061918 0.996444 0.013405 -0.123310 0.061353
img00161.ppm 88146.000000 -0.062358 0.995522 -0.058210 -0.093728 -0.051755
img00162.ppm 88482.000000 -0.061596 0.995430 0.087975 -0.062053 0.067468
img00163.ppm 88776.000000 -0.062129 0.995446 -0.026417 -0.132031 0.094876
img00164.ppm 89112.000000 -0.060689 0.996392 -0.077982 -0.075177 -0.010933
img00165.ppm 89406.000000 -0.060838 0.995062 -0.061164 -0.016786 0.080407
img00166.ppm 89616.000000 -0.061273 0.993533 0.034198 -0.033869 -0.006688
img00167.ppm 90036.000000 -0.062172 0.997417 -0.023279 0.071921 -0.007264
img00168.ppm 90372.000000 -0.061040 0.994762 -0.105179 -0.062039 0.043497
img00169.ppm 90666.000000 -0.061221 0.996022 -0.053700 -0.024788 -0.029165
img00170.ppm 91002.000000 -0.061556 0.995696 -0.039345 -0.009913 0.010722
img00171.ppm 91296.000000 -0.061611 0.995896 -0.006380 0.049984 -0.004772
img00172.ppm 91632.000000 -0.061344 0.994726 0.021926 -0.002233 -0.017378
img00173.ppm 91926.000000 -0.061434 0.996119 -0.035492 -0.111095 -0.016261
img00174.ppm 92220.000000 -0.060449 0.995148 -0.080054 0.089461 0.096612
img00175.ppm 92556.000000 -0.060611 0.994069 -0.026162 -0.015430 0.153447
img00176.ppm 92850.000000 -0.061677 0.993955 -0.089893 -0.047297 -0.024200
img00177.ppm 93186.000000 -0.063255 0.995741 0.038935 -0.042041 -0.027813
img00178.ppm 93480.000000 -0.063040 0.995258 -0.061966 0.020575 0.014776
img00179.ppm 93816.000000 -0.063306 0.995052 -0.172513 -0.081829 0.031711
img00180.ppm 94110.000000 -0.062078 0.996069 -0.067611 -0.083874 0.042206
img00181.ppm 94446.000000 -0.062489 0.997542 -0.100567 -0.048435 -0.034985
img00182.ppm 94740.000000 -0.062536 0.993437 -0.004993 -0.107341 0.009287
img00183.ppm 95076.000000 -0.062155 0.993597 -0.069174 0.039219 0.061833
img00184.ppm 95370.000000 -0.060538 0.994721 0.029516 -0.021015 -0.064948
img00185.ppm 95706.000000 -0.060840 0.995745 -0.114507 -0.044729 0.047330
img00186.ppm 96000.000000 -0.062407 0.993245 -0.056159 0.005410 0.146527
img00187.ppm 96336.000000 -0.062286 0.994980 -0.033253 -0.001340 -0.016462
img00188.ppm 96630.000000 -0.063352 0.996756 -0.069246 -0.030903 -0.070957
img00189.ppm 96924.000000 -0.062368 0.994987 0.009680 -0.057546 0.003304
img00190.ppm 97260.000000 -0.061597 0.995585 -0.055375 -0.032965 -0.019955
img00191.ppm 97554.000000 -0.061802 0.994608 -0.117966 -0.023904 0.009570
img00192.ppm 97890.000000 -0.062273 0.995227 -0.218185 -0.078846 0.040479
img00193.ppm 98184.000000 -0.061737 0.994069 -0.054562 0.043587 0.091685
img00194.ppm 98394.000000 -0.061872 0.995412 -0.054861 0.010168 0.006987
img00195.ppm 98814.000000 -0.061194 0.995654 0.012986 0.006588 -0.006102
img00196.ppm 99150.000000 -0.062500 0.993896 -0.075306 -0.011781 0.111553
img00197.ppm 99444.000000 -0.061977 0.994044 -0.026970 -0.056860 0.003001
img00198.ppm 99780.000000 -0.062848 0.996209 -0.011098 0.034956 -0.004757
img00199.ppm 100074.000000 -0.062096 0.994244 -0.064509 -0.041478 -0.019166
img00200.ppm 100410.000000 -0.062444 0.993984 0.017315 0.038893 0.009991
img00201.ppm 100704.000000 -0.062027 0.995237 0.045156 0.011449 0.037083
img00202.ppm 100998.000000 -0.062282 0.994934 -0.010093 -0.020162 -0.066270
img00203.ppm 101334.000000 -0.062106 0.994890 0.006495 0.003267 0.075160
img00204.ppm 101628.000000 -0.059866 0.995347 -0.031040 -0.081613 0.064137
img00205.ppm 101964.000000 -0.063423 0.995280 -0.066158 0.000274 0.094518
img00206.ppm 102258.000000 -0.062339 0.994229 0.063774 -0.005091 -0.003555
img00207.ppm 102468.000000 -0.061927 0.996056 0.045204 0.000383 0.031628
img00208.ppm 102888.000000 -0.063057 0.995325 0.011031 -0.013108 -0.020678
img00209.ppm 103224.000000 -0.061828 0.997787 -0.196882 0.044555 0.027030
img00210.ppm 103518.000000 -0.061412 0.997569 0.088139 -0.044485 0.010076
img00211.ppm 103854.000000 -0.061161 0.998173 0.001142 -0.067491 -0.011209
img00212.ppm 104148.000000 -0.061763 0.994068 0.060474 -0.066432 0.059731
img00213.ppm 104484.000000 -0.062433 0.994567 -0.122524 -0.031408 0.096270
img00214.ppm 104778.000000 -0.063025 0.994290 -0.083157 -0.043754 -0.029614
img00215.ppm 105072.000000 -0.062931 0.996528 -0.087014 -0.011220 -0.003056
img00216.ppm 105408.000000 -0.061431 0.993286 0.039206 0.069835 -0.002230
img00217.ppm 105702.000000 -0.061225 0.995865 0.023227 -0.008021 0.083106
img00218.ppm 106038.000000 -0.061611 0.994806 -0.102459 0.015146 0.003530
img00219.ppm 106332.000000 -0.062014 0.996383 -0.034656 -0.044106 0.128374
img00220.ppm 106668.000000 -0.060583 0.993629 -0.019626 -0.016557 0.061511
img00221.ppm 106962.000000 -0.061508 0.996440 0.011540 -0.049300 -0.045898
img00222.ppm 107172.000000 -0.063051 0.997088 -0.023403 -0.017851 0.023953
img00223.ppm 107592.000000 -0.062054 0.994787 -0.050949 -0.007506 0.100822
img00224.ppm 107928.000000 -0.063692 0.994149 0.052878 -0.094999 0.002759
img00225.ppm 108222.000000 -0.062259 0.996305 -0.129310 0.022913 -0.080452
img00226.ppm 108558.000000 -0.061682 0.995603 -0.151425 0.013908 0.216434
img00227.ppm 108852.000000 -0.060955 0.994964 -0.013051 0.032905 0.015103
img00228.ppm 109188.000000 -0.063346 0.995286 -0.109034 0.052103 -0.025218
img00229.ppm 109482.000000 -0.062409 0.994363 -0.034491 -0.139579 0.076603
img00230.ppm 109818.000000 -0.063192 0.992824 0.063394 -0.060216 0.010423
img00231.ppm 110112.000000 -0.063172 0.994444 -0.056221 0.023005 -0.031436
img00232.ppm 110406.000000 -0.062682 0.994485 0.066769 -0.103469 0.069620
img00233.ppm 110742.000000 -0.064466 0.994662 -0.073446 0.059449 -0.043607
img00234.ppm 111036.000000 -0.062876 0.995911 -0.060193 -0.007770 0.034721
img00235.ppm 111372.000000 -0.063127 0.995513 -0.008767 -0.032860 0.011399
img00236.ppm 111666.000000 -0.060824 0.996159 -0.200666 0.087497 0.183936
img00237.ppm 111876.000000 -0.062424 0.994959 -0.064849 0.015751 0.003908
img00238.ppm 112296.000000 -0.057898 0.996085 -0.129647 -0.062023 0.021255
img00239.ppm 112632.000000 -0.063646 0.994702 -0.058322 -0.012964 -0.047503
img00240.ppm 112926.000000 -0.063277 0.993196 -0.036259 0.011693 0.065069
img00241.ppm 113262.000000 -0.063614 0.994333 -0.114109 -0.125194 0.055275
img00242.ppm 113556.000000 -0.061512 0.995461 -0.099092 -0.025716 -0.069073
img00243.ppm 113892.000000 -0.062872 0.994373 -0.087765 -0.037539 0.118658
img00244.ppm 114186.000000 -0.062833 0.997765 -0.023990 -0.029920 -0.005686
img00245.ppm 114522.000000 -0.063080 0.993965 0.081422 -0.071893 0.087394
img00246.ppm 114816.000000 -0.063855 0.995229 0.112064 -0.090113 -0.012643
img00247.ppm 115152.000000 -0.063103 0.994549 0.007991 0.041758 0.044194
img00248.ppm 115446.000000 -0.063411 0.994866 0.023707 -0.002263 0.049544
img00249.ppm 115782.000000 -0.064205 0.993919 0.047807 -0.120507 -0.030534
img00250.ppm 116076.000000 -0.061976 0.995075 0.021598 -0.042834 0.032040
img00251.ppm 116412.000000 -0.063237 0.996116 -0.070464 -0.050179 0.052302
img00252.ppm 116706.000000 -0.061303 0.992692 0.019582 -0.056498 0.071127
img00253.ppm 117042.000000 -0.063044 0.996144 0.040527 -0.025906 0.108100
img00254.ppm 117336.000000 -0.062301 0.992994 0.034472 0.002832 -0.058019
img00255.ppm 117672.000000 -0.064220 0.996865 0.024578 -0.040974 0.052257
img00256.ppm 117966.000000 -0.058716 0.994459 0.140301 0.043561 0.059777
img00257.ppm 118302.000000 -0.059138 0.996380 -0.014495 -0.045720 -0.022370
img00258.ppm 118596.000000 -0.062222 0.995810 -0.720039 0.162155 0.049874
img00259.ppm 118932.000000 -0.062710 0.992835 -0.474344 -0.023050 -0.026311
img00260.ppm 119226.000000 -0.060610 0.993157 0.096591 0.006951 0.035408
img00261.ppm 119562.000000 -0.064170 0.994500 0.041607 -0.082346 0.041608
img00262.ppm 119856.000000 -0.060616 0.993821 -0.013398 0.040825 0.111570
img00263.ppm 120192.000000 -0.062544 0.994565 0.074969 -0.035770 0.062479
img00264.ppm 120486.000000 -0.061354 0.993429 0.024188 -0.010984 -0.039826
img00265.ppm 120696.000000 -0.061959 0.994501 -0.033176 -0.010338 0.016891
img00266.ppm 121116.000000 -0.062172 0.993201 -0.013890 0.005419 0.101978
img00267.ppm 121326.000000 -0.061908 0.994900 0.026082 0.011236 0.003394
img00268.ppm 121746.000000 -0.063396 0.995736 -0.053130 0.021873 -0.081743
img00269.ppm 122082.000000 -0.061833 0.993644 -0.155343 -0.097784 -0.052471
img00270.ppm 122376.000000 -0.061905 0.994771 -0.044322 0.062899 -0.002899
img00271.ppm 122712.000000 -0.061586 0.995001 -0.030201 -0.050957 0.027083
img00272.ppm 123006.000000 -0.063081 0.995280 -0.066461 0.027576 0.133366
img00273.ppm 123342.000000 -0.061992 0.993789 -0.031054 -0.056836 0.003374
img00274.ppm 123636.000000 -0.062431 0.994428 0.002522 -0.090721 0.113837
img00275.ppm 123972.000000 -0.062213 0.995010 -0.077523 -0.039342 0.009876
img00276.ppm 124266.000000 -0.061845 0.993766 -0.093745 0.031561 -0.014857
img00277.ppm 124602.000000 -0.063741 0.994705 0.018738 0.069932 -0.032705
img00278.ppm 124896.000000 -0.062290 0.991947 0.016935 -0.012185 0.053937
img00279.ppm 125232.000000 -0.061370 0.994459 0.040293 0.085187 -0.004557
img00280.ppm 125526.000000 -0.063971 0.996317 0.043882 -0.074909 -0.027526
img00281.ppm 125862.000000 -0.061267 0.994496 -0.116953 -0.003963 -0.006248
img00282.ppm 126198.000000 -0.062315 0.997524 -0.026571 -0.065523 -0.017367
img00283.ppm 126492.000000 -0.062468 0.993701 -0.070516 0.002200 0.056934
img00284.ppm 126828.000000 -0.063830 0.994464 -0.035588 -0.003910 0.047152
img00285.ppm 127122.000000 -0.061982 0.995828 -0.077610 -0.025913 -0.002986
img00286.ppm 127458.000000 -0.062208 0.994261 -0.084908 0.013890 -0.084777
img00287.ppm 127752.000000 -0.064102 0.994660 -0.020471 -0.022255 0.017198
img00288.ppm 128088.000000 -0.061997 0.992732 -0.038791 -0.070308 0.043988
img00289.ppm 128382.000000 -0.062224 0.995013 -0.001306 -0.047166 0.098643
img00290.ppm 128718.000000 -0.062052 0.995035 0.073908 0.015090 0.097947
img00291.ppm 129012.000000 -0.062679 0.995772 -0.107189 -0.083292 0.063402
img00292.ppm 129348.000000 -0.063119 0.996484 -0.055311 -0.082230 0.086353
img00293.ppm 129642.000000 -0.062631 0.995825 0.003252 -0.051589 0.118499
img00294.ppm 129978.000000 -0.062463 0.995348 -0.032271 0.008408 -0.028090
img00295.ppm 130272.000000 -0.063001 0.994630 -0.067160 0.033372 0.065674
img00296.ppm 130608.000000 -0.063087 0.994668 -0.102232 -0.075079 0.032647
img00297.ppm 130902.000000 -0.062777 0.994462 -0.008022 -0.025346 0.069565
img00298.ppm 131238.000000 -0.063267 0.996435 0.043920 -0.034947 0.061657
img00299.ppm 131532.000000 -0.062779 0.993698 -0.038752 -0.000666 0.083560
img00300.ppm 131868.000000 -0.062725 0.995714 -0.088131 -0.094617 0.056434
img00301.ppm 132162.000000 -0.063311 0.996471 0.019559 -0.004187 -0.001200
img00302.ppm 132372.000000 -0.060989 0.993444 0.098680 -0.016555 -0.088355
img00303.ppm 132792.000000 -0.062014 0.997055 -0.036908 0.046983 0.064939
img00304.ppm 133002.000000 -0.062539 0.994061 -0.003098 0.057133 0.022473
img00305.ppm 133422.000000 -0.064660 0.994066 0.046843 -0.001321 0.008470
img00306.ppm 133758.000000 -0.062588 0.995020 -0.023554 -0.051689 0.052971
img00307.ppm 134052.000000 -0.063107 0.992508 0.055682 0.042236 0.111213
img00308.ppm 134388.000000 -0.062976 0.995182 -0.036608 -0.095180 -0.052484
img00309.ppm 134682.000000 -0.062911 0.994017 -0.016402 -0.043671 0.018278
img00310.ppm 135018.000000 -0.062135 0.994507 0.021848 -0.053530 -0.012241
img00311.ppm 135312.000000 -0.062083 0.995272 0.038994 0.057287 0.079205
img00312.ppm 135648.000000 -0.063218 0.994903 0.103087 0.028016 0.159617
img00313.ppm 135942.000000 -0.062766 0.995353 0.052368 0.015294 0.029274
img00314.ppm 136278.000000 -0.061349 0.993836 -0.015362 -0.112005 0.037619
img00315.ppm 136572.000000 -0.062175 0.994753 0.005434 0.053301 0.126151
img00316.ppm 136908.000000 -0.063016 0.993817 0.108356 -0.004655 0.001583
img00317.ppm 137202.000000 -0.064199 0.993842 0.021100 -0.090435 0.023698
img00318.ppm 137538.000000 -0.062619 0.992340 0.049599 0.037231 0.027280
img00319.ppm 137832.000000 -0.062122 0.995568 0.026346 -0.062164 -0.031278
img00320.ppm 138168.000000 -0.061584 0.993594 -0.036961 0.002544 0.131864
img00321.ppm 138462.000000 -0.062730 0.992522 0.087479 0.061647 0.042036
img00322.ppm 138798.000000 -0.064475 0.994114 0.106819 -0.027990 0.079734
img00323.ppm 139092.000000 -0.062776 0.993924 -0.095344 -0.096709 0.088665
img00324.ppm 139428.000000 -0.063579 0.993770 0.074309 -0.004364 0.128646
img00325.ppm 139722.000000 -0.061620 0.994738 -0.079977 -0.033543 -0.002554
img00326.ppm 140058.000000 -0.062183 0.995320 -0.040916 0.008581 0.041410
img00327.ppm 140394.000000 -0.062619 0.994151 0.057463 -0.023449 0.006389
img00328.ppm 140688.000000 -0.062194 0.994239 -0.104656 0.030706 0.046030
img00329.ppm 141024.000000 -0.062844 0.994220 0.041616 0.011508 0.012243
img00330.ppm 141318.000000 -0.063172 0.994154 -0.005386 -0.095111 -0.015637
img00331.ppm 141654.000000 -0.063296 0.995755 0.117924 -0.106825 -0.041843
img00332.ppm 141948.000000 -0.062693 0.992953 0.048669 -0.074043 0.064598
img00333.ppm 142284.000000 -0.063851 0.995744 -0.008850 -0.042137 -0.001041
img00334.ppm 142578.000000 -0.062968 0.995543 0.015619 0.016387 0.097250
img00335.ppm 142914.000000 -0.063931 0.994372 0.109043 0.052397 0.112799
img00336.ppm 143208.000000 -0.064172 0.995891 -0.074435 0.038831 -0.071543
img00337.ppm 143544.000000 -0.062227 0.994457 0.004643 0.009199 0.085030
img00338.ppm 143838.000000 -0.062991 0.992774 -0.037308 -0.055896 -0.083287
img00339.ppm 144174.000000 -0.062471 0.994659 0.032458 -0.162779 0.033014
img00340.ppm 144468.000000 -0.063754 0.994426 0.012779 -0.019236 0.090714
img00341.ppm 144804.000000 -0.062299 0.994827 -0.003669 -0.092780 0.044546
img00342.ppm 145098.000000 -0.063081 0.992605 -0.099046 -0.021316 0.038476
img00343.ppm 145434.000000 -0.063541 0.994819 0.101710 -0.075316 -0.045835
img00344.ppm 145728.000000 -0.062817 0.994475 0.009657 -0.044509 0.001933
img00345.ppm 146064.000000 -0.061114 0.994977 0.101034 -0.065808 -0.041926
img00346.ppm 146358.000000 -0.062516 0.995918 0.079686 -0.063358 -0.014463
img00347.ppm 146694.000000 -0.063635 0.994250 -0.050790 0.026722 0.126735
img00348.ppm 146988.000000 -0.063704 0.995656 0.110484 -0.071595 -0.044012
img00349.ppm 147324.000000 -0.063396 0.995426 0.050020 0.018827 0.090541
img00350.ppm 147618.000000 -0.062103 0.993963 0.008938 -0.034442 -0.021612
img00351.ppm 147954.000000 -0.064501 0.991689 0.030797 -0.032869 -0.030439
img00352.ppm 148248.000000 -0.061652 0.993799 0.030736 -0.040528 0.027678
img00353.ppm 148584.000000 -0.062508 0.994050 0.067806 0.052163 0.110872
img00354.ppm 148878.000000 -0.063955 0.995684 0.106004 -0.009122 -0.047071
img00355.ppm 149214.000000 -0.062249 0.991893 0.055555 0.004603 -0.014424
img00356.ppm 149508.000000 -0.062034 0.995170 0.143382 0.016361 0.066610
img00357.ppm 149844.000000 -0.063583 0.995171 0.046128 0.037478 0.031986
img00358.ppm 150138.000000 -0.062337 0.994248 0.095977 -0.085370 0.110956
img00359.ppm 150348.000000 -0.063264 0.994133 0.016327 -0.071088 0.068402
img00360.ppm 150768.000000 -0.062725 0.992866 0.052660 0.012830 0.000342
img00361.ppm 150978.000000 -0.106786 1.013858 7.694715 -1.317677 -0.391220
img00362.ppm 151398.000000 -0.069697 0.997407 3.317214 -0.173542 0.571995
img00363.ppm 151734.000000 -0.061699 1.053144 0.736035 -17.965109 5.005180
img00364.ppm 152028.000000 -0.105381 0.852969 -2.241905 -72.518326 -8.867788
img00365.ppm 152364.000000 -0.093215 0.899176 23.540319 29.745188 9.161529
img00366.ppm 152658.000000 -0.015916 0.996061 -5.965731 48.472343 16.525438
img00367.ppm 152994.000000 -0.063138 1.029154 -5.388210 39.933899 33.480343
img00368.ppm 153288.000000 -0.091193 0.937487 -17.179455 -12.797938 -7.383508
img00369.ppm 153624.000000 -0.105829 1.054971 1.612724 -19.084526 16.011377
img00370.ppm 153918.000000 -0.072619 0.959583 10.113922 13.466249 19.147814
img00371.ppm 154254.000000 -0.030379 0.982421 3.013376 -0.354553 -7.738811
img00372.ppm 154548.000000 0.024070 0.969670 0.629614 -1.524440 -16.509706
img00373.ppm 154884.000000 -0.088492 0.987852 -0.063097 1.603490 7.695253
img00374.ppm 155178.000000 -0.018437 0.958239 11.089312 3.062209 21.211437
img00375.ppm 155514.000000 0.017818 0.988193 17.041584 21.908642 -6.830443
img00376.ppm 155808.000000 0.026754 0.987170 -5.615563 -28.077856 26.237156
img00377.ppm 156144.000000 -0.036074 1.002815 -54.390396 0.113291 28.624763
img00378.ppm 156438.000000 -0.062243 0.995028 -0.325440 -0.185643 1.756129
img00379.ppm 156774.000000 -0.062971 0.993376 0.171483 -0.038950 0.555769
img00380.ppm 157068.000000 -0.060473 0.993994 -0.073239 -0.193427 0.193944
img00381.ppm 157404.000000 -0.062557 0.993788 -0.040923 0.051997 0.216812
img00382.ppm 157740.000000 -0.062022 0.995559 -0.006897 0.024171 0.242810
img00383.ppm 158034.000000 -0.063267 0.993707 -0.011179 0.103318 0.091266
img00384.ppm 158370.000000 -0.062614 0.993650 -0.001383 0.011609 0.153065
img00385.ppm 158664.000000 -0.062984 0.992509 0.010901 0.031357 0.050614
img00386.ppm 159000.000000 -0.062856 0.992962 -0.050107 -0.099320 0.044590
img00387.ppm 159294.000000 -0.064030 0.993107 0.096187 0.074672 0.066458
img00388.ppm 159630.000000 -0.062046 0.993932 0.037678 -0.084959 0.006556
img00389.ppm 159924.000000 -0.064067 0.992858 0.034633 -0.047724 0.060240
img00390.ppm 160260.000000 -0.061995 0.990713 0.083359 0.056151 -0.016753
img00391.ppm 160554.000000 -0.062563 0.994438 0.021795 0.023312 0.141975
img00392.ppm 160890.000000 -0.062635 0.992687 0.098485 0.099664 -0.017600
img00393.ppm 161184.000000 -0.063807 0.995283 0.068199 0.094944 0.142764
img00394.ppm 161520.000000 -0.064312 0.994605 0.017959 0.010538 -0.048359
img00395.ppm 161814.000000 -0.063287 0.994057 0.025117 -0.018894 0.008667
img00396.ppm 162150.000000 -0.063067 0.994946 0.075724 0.007463 0.053262
img00397.ppm 162444.000000 -0.064202 0.993983 0.055580 -0.050966 0.062743
img00398.ppm 162780.000000 -0.061834 0.991895 -0.061998 0.057391 0.015477
img00399.ppm 163074.000000 -0.061609 0.992635 0.008637 -0.000533 0.025721
img00400.ppm 163410.000000 -0.061795 0.993374 0.031822 0.050232 0.011325
img00401.ppm 163704.000000 -0.061979 0.995125 -0.037535 -0.117414 -0.006319
img00402.ppm 163914.000000 -0.063381 0.995265 -0.005412 -0.165955 -0.031247
img00403.ppm 164334.000000 -0.061997 0.993557 0.085847 -0.010930 -0.012485
img00404.ppm 164544.000000 -0.062694 0.992346 0.062795 0.007823 -0.030707
img00405.ppm 164964.000000 -0.063849 0.996711 0.078611 -0.028034 0.032395
img00406.ppm 165174.000000 -0.061678 0.993132 0.085366 -0.065235 -0.013222
img00407.ppm 165594.000000 -0.063437 0.992156 0.028578 0.034485 0.089538
img00408.ppm 165930.000000 -0.063954 0.995047 0.062274 -0.007683 -0.075204
img00409.ppm 166224.000000 -0.063192 0.994677 -0.103508 0.041421 -0.006571
img00410.ppm 166560.000000 -0.063255 0.994306 -0.006846 0.028180 -0.011830
img00411.ppm 166854.000000 -0.062361 0.992961 0.136849 -0.120768 -0.022302
img00412.ppm 167190.000000 -0.063694 0.992907 -0.004076 -0.145977 -0.036805
img00413.ppm 167484.000000 -0.063897 0.994063 -0.005434 -0.017026 0.007248
img00414.ppm 167820.000000 -0.063897 0.994035 0.037913 -0.025616 -0.091283
img00415.ppm 168114.000000 -0.062137 0.994670 -0.034213 0.085874 -0.016846
img00416.ppm 168450.000000 -0.063175 0.992618 0.064917 -0.061636 0.030357
img00417.ppm 168744.000000 -0.063896 0.992803 -0.083451 -0.055362 0.019745
img00418.ppm 169080.000000 -0.062338 0.993252 -0.002534 -0.018375 -0.006425
img00419.ppm 169374.000000 -0.064207 0.995735 0.060508 0.018960 0.045616
img00420.ppm 169710.000000 -0.064218 0.994881 -0.000886 -0.031515 0.117370
img00421.ppm 170004.000000 -0.062846 0.992658 0.100096 -0.034509 0.115188
img00422.ppm 170340.000000 -0.061960 0.993814 0.024516 -0.000740 0.064603
img00423.ppm 170634.000000 -0.062583 0.991406 -0.015044 0.062036 -0.007215
img00424.ppm 170970.000000 -0.063384 0.994430 -0.036089 0.046052 0.032224
img00425.ppm 171264.000000 -0.062408 0.994416 -0.042185 -0.069173 -0.032568
img00426.ppm 171600.000000 -0.063658 0.993773 0.005554 0.017756 -0.000230
img00427.ppm 171894.000000 -0.062872 0.993828 0.128603 -0.023489 0.042958
img00428.ppm 172230.000000 -0.063103 0.992230 0.090924 -0.049446 -0.097566
img00429.ppm 172524.000000 -0.063501 0.994931 -0.046098 -0.101715 0.019302
img00430.ppm 172860.000000 -0.062044 0.993196 0.030239 -0.121957 -0.042034
img00431.ppm 173154.000000 -0.062063 0.992123 -0.064969 -0.028994 -0.054018
img00432.ppm 173490.000000 -0.063706 0.992477 0.039703 -0.050263 0.032518
img00433.ppm 173826.000000 -0.063373 0.993628 -0.057776 -0.091418 -0.054783
img00434.ppm 174120.000000 -0.063160 0.993727 -0.022027 -0.052675 0.060343
img00435.ppm 174456.000000 -0.062771 0.994067 0.165665 -0.101931 -0.060133
img00436.ppm 174750.000000 -0.062605 0.990846 -0.006506 0.048770 -0.054433
img00437.ppm 175086.000000 -0.062642 0.994215 0.092100 0.065644 -0.022255
img00438.ppm 175380.000000 -0.062934 0.992816 0.002978 -0.055640 -0.011210
img00439.ppm 175716.000000 -0.063856 0.992625 0.054749 0.011279 0.073831
img00440.ppm 176010.000000 -0.063993 0.995881 0.042264 -0.087695 -0.094290
img00441.ppm 176346.000000 -0.063136 0.993206 0.144272 -0.048719 -0.027067
img00442.ppm 176640.000000 -0.062559 0.993841 -0.060032 -0.094294 0.097195
img00443.ppm 176976.000000 -0.064448 0.993418 0.003865 -0.039527 0.029346
img00444.ppm 177270.000000 -0.063594 0.992597 -0.014074 -0.058569 -0.038676
img00445.ppm 177606.000000 -0.063837 0.991938 -0.015597 0.016833 -0.061885
img00446.ppm 177900.000000 -0.063066 0.991762 0.004778 -0.041688 -0.046070
img00447.ppm 178236.000000 -0.062294 0.992557 0.072081 -0.092305 -0.082694
img00448.ppm 178530.000000 -0.063977 0.993357 -0.025506 -0.119195 -0.102355
img00449.ppm 178866.000000 -0.062205 0.992482 0.037856 -0.023133 -0.026003
img00450.ppm 179160.000000 -0.063788 0.993835 -0.003639 0.012492 -0.019960
img00451.ppm 179496.000000 -0.063435 0.993815 0.000616 -0.058770 -0.038764
img00452.ppm 179790.000000 -0.061781 0.992377 0.100422 -0.111070 0.041786
img00453.ppm 180126.000000 -0.063352 0.991804 -0.020024 0.060630 0.010710
img00454.ppm 180420.000000 -0.063096 0.992678 -0.039430 -0.057272 0.008272
img00455.ppm 180756.000000 -0.063448 0.993012 0.052781 0.030761 -0.029691
img00456.ppm 181050.000000 -0.061283 0.994988 0.055001 -0.033604 0.011610
img00457.ppm 181386.000000 -0.062488 0.993514 0.052117 0.013362 0.045634
img00458.ppm 181680.000000 -0.064511 0.995513 0.000078 -0.019889 0.068621
img00459.ppm 181890.000000 -0.063518 0.990863 0.068278 0.001519 0.019118
img00460.ppm 182310.000000 -0.063162 0.994431 -0.059802 -0.051844 0.016237
img00461.ppm 182520.000000 -0.063186 0.991800 -0.009708 0.003526 -0.081234
img00462.ppm 182940.000000 -0.062515 0.993127 -0.004987 0.005428 -0.039849
img00463.ppm 183276.000000 -0.062594 0.992600 0.075397 -0.024355 0.025075
img00464.ppm 183570.000000 -0.063395 0.992903 -0.075253 -0.004752 -0.063904
img00465.ppm 183906.000000 -0.062792 0.994845 -0.010955 -0.018489 -0.015205
img00466.ppm 184200.000000 -0.063595 0.989901 -0.021458 -0.086505 0.030691
img00467.ppm 184536.000000 -0.064048 0.992410 0.079400 0.017513 -0.052673
img00468.ppm 184830.000000 -0.063664 0.994160 0.063254 -0.101955 0.039170
img00469.ppm 185166.000000 -0.063188 0.993504 0.083943 -0.059904 -0.048835
img00470.ppm 185460.000000 -0.064078 0.994127 0.018118 0.009173 -0.080114
img00471.ppm 185796.000000 -0.065087 0.991938 -0.052123 -0.084715 0.016051
img00472.ppm 186090.000000 -0.063662 0.991238 0.052178 -0.022213 0.007433
img00473.ppm 186426.000000 -0.062686 0.995354 -0.039536 0.008871 0.010734
img00474.ppm 186720.000000 -0.063304 0.993628 0.024528 -0.045007 -0.055687
img00475.ppm 187056.000000 -0.064102 0.993048 -0.026824 -0.016973 -0.036206
img00476.ppm 187350.000000 -0.063883 0.991194 0.076162 -0.049994 0.065233
img00477.ppm 187686.000000 -0.063456 0.994046 -0.009252 -0.054679 0.099639
img00478.ppm 187980.000000 -0.064000 0.992142 -0.006378 0.109888 -0.060863
img00479.ppm 188316.000000 -0.062959 0.992033 0.027595 -0.003566 0.097462
img00480.ppm 188610.000000 -0.063796 0.993942 0.071184 -0.020369 0.072996
img00481.ppm 188946.000000 -0.061679 0.991406 0.111142 -0.002974 -0.013423
img00482.ppm 189240.000000 -0.062857 0.993025 0.144632 -0.110974 -0.056493
img00483.ppm 189576.000000 -0.062735 0.993472 0.155935 -0.117275 0.010816
img00484.ppm 189912.000000 -0.063011 0.995024 0.069185 -0.024933 0.092167
img00485.ppm 190206.000000 -0.063779 0.995469 -0.009215 -0.013727 -0.024952
img00486.ppm 190542.000000 -0.061398 0.992589 0.035997 -0.119509 -0.043040
img00487.ppm 190836.000000 -0.061829 0.994954 0.009735 0.029459 0.075915
img00488.ppm 191172.000000 -0.062016 0.993530 -0.041975 0.011557 -0.012378
img00489.ppm 191466.000000 -0.064558 0.994870 0.022704 0.013627 0.024905
img00490.ppm 191802.000000 -0.063331 0.995413 0.010671 -0.075516 0.038719
img00491.ppm 192096.000000 -0.063274 0.992812 -0.034370 -0.070049 -0.039037
img00492.ppm 192432.000000 -0.062898 0.994612 0.058806 -0.023434 0.071898
img00493.ppm 192726.000000 -0.063958 0.992527 0.004309 -0.028838 0.018580
img00494.ppm 193062.000000 -0.063123 0.992787 0.084555 -0.028527 -0.080657
img00495.ppm 193356.000000 -0.063580 0.997009 -0.045453 -0.007008 0.097827
img00496.ppm 193692.000000 -0.063035 0.993528 -0.028126 0.067034 0.059656
img00497.ppm 193986.000000 -0.063357 0.994955 0.054743 -0.026931 0.028488
img00498.ppm 194322.000000 -0.063193 0.994373 0.049269 -0.108936 -0.052664
img00499.ppm 194616.000000 -0.062446 0.994735 -0.032187 0.026944 0.088169
img00500.ppm 194952.000000 -0.063636 0.991365 -0.004001 -0.078449 -0.013938
img00501.ppm 195246.000000 -0.062981 0.993759 0.022483 -0.003385 0.049272
img00502.ppm 195540.000000 -0.063331 0.994282 -0.043296 -0.031750 0.013608
img00503.ppm 195876.000000 -0.062436 0.997279 0.091111 0.029870 0.052642
img00504.ppm 196170.000000 -0.063665 0.992605 0.033428 -0.040352 0.010710
img00505.ppm 196506.000000 -0.063617 0.992884 0.007292 0.061091 0.102955
img00506.ppm 196800.000000 -0.063115 0.993614 0.043618 0.026611 0.054481
img00507.ppm 197010.000000 -0.061615 0.993991 0.047769 -0.106453 0.033118
img00508.ppm 197430.000000 -0.063619 0.991689 0.060583 -0.090613 -0.023747
img00509.ppm 197766.000000 -0.063607 0.992509 -0.012286 0.018922 0.070236
img00510.ppm 198060.000000 -0.063601 0.991933 0.062793 -0.093214 -0.118397
img00511.ppm 198396.000000 -0.063366 0.994479 0.006010 0.045898 0.104331
img00512.ppm 198690.000000 -0.063261 0.992863 0.163331 0.001775 0.009480
img00513.ppm 199026.000000 -0.063376 0.991980 0.037876 0.047001 0.100858
img00514.ppm 199320.000000 -0.061752 0.993071 0.000224 -0.146498 0.010859
img00515.ppm 199656.000000 -0.063066 0.992590 0.055619 -0.184263 0.106578
img00516.ppm 199950.000000 -0.063655 0.991536 0.036918 -0.098250 0.094717
img00517.ppm 200244.000000 -0.065085 0.991252 0.023934 -0.029596 -0.026490
img00518.ppm 200580.000000 -0.064270 0.993745 0.021952 0.030671 -0.015023
img00519.ppm 200874.000000 -0.064810 0.991933 -0.046857 0.002449 -0.078484
img00520.ppm 201210.000000 -0.062706 0.993624 -0.120951 -0.040481 0.057063
img00521.ppm 201504.000000 -0.063196 0.991991 0.045992 -0.006537 -0.006682
img00522.ppm 201714.000000 -0.063015 0.992990 0.069311 -0.063656 -0.017570
img00523.ppm 202134.000000 -0.062669 0.994698 -0.031701 -0.143397 -0.083385
img00524.ppm 202470.000000 -0.064059 0.994290 -0.025107 -0.001102 -0.061267
img00525.ppm 202764.000000 -0.062893 0.994688 -0.026882 0.036157 -0.070822
img00526.ppm 203100.000000 -0.063910 0.995367 0.070685 0.109707 -0.014284
img00527.ppm 203394.000000 -0.065433 0.994291 0.055122 -0.116596 0.012032
img00528.ppm 203730.000000 -0.063926 0.993773 0.007775 -0.007452 -0.043861
img00529.ppm 204024.000000 -0.063242 0.991533 0.028612 -0.002658 0.013559
img00530.ppm 204318.000000 -0.063040 0.993133 0.041620 -0.080639 0.015927
img00531.ppm 204654.000000 -0.064213 0.994721 0.015872 -0.022730 0.048288
img00532.ppm 204948.000000 -0.063305 0.992555 0.052978 -0.053311 -0.064599
img00533.ppm 205284.000000 -0.062650 0.994093 -0.019723 -0.024943 0.001331
img00534.ppm 205578.000000 -0.064352 0.993978 0.063534 0.031714 0.026282
img00535.ppm 205788.000000 -0.064280 0.993317 -0.068272 -0.109801 0.080984
img00536.ppm 206208.000000 -0.062830 0.993256 0.150696 -0.034613 -0.003233
img00537.ppm 206544.000000 -0.064323 0.995813 0.031137 -0.052918 0.000834
img00538.ppm 206838.000000 -0.063709 0.994349 -0.018565 -0.083025 0.003878
img00539.ppm 207174.000000 -0.063400 0.992389 0.024503 -0.125113 -0.074265
img00540.ppm 207468.000000 -0.063902 0.993687 -0.019490 -0.066602 0.053205
img00541.ppm 207762.000000 -0.064351 0.992249 0.069306 0.024378 0.035400
img00542.ppm 208098.000000 -0.063960 0.994598 0.079521 -0.004468 0.025732
img00543.ppm 208392.000000 -0.063383 0.994432 -0.005398 0.087345 -0.053476
img00544.ppm 208728.000000 -0.064661 0.994685 0.047640 -0.047567 -0.102478
img00545.ppm 209022.000000 -0.063085 0.994542 0.070100 -0.018557 0.033753
img00546.ppm 209358.000000 -0.063720 0.993870 -0.112855 -0.025501 0.090449
img00547.ppm 209652.000000 -0.063115 0.990888 0.058177 0.040451 0.092278
img00548.ppm 209862.000000 -0.062905 0.995015 0.000843 0.021838 -0.019554
img00549.ppm 210282.000000 -0.062363 0.995357 0.027107 -0.064994 0.002819
img00550.ppm 210618.000000 -0.063334 0.992172 -0.008982 0.043316 0.009232
img00551.ppm 210912.000000 -0.062470 0.992940 -0.007836 0.061264 0.051788
img00552.ppm 211248.000000 -0.064202 0.991204 0.062824 -0.057852 0.115166
img00553.ppm 211542.000000 -0.062483 0.995167 0.135998 0.035417 -0.034428
img00554.ppm 211878.000000 -0.063325 0.993066 0.086795 0.043479 0.016900
img00555.ppm 212172.000000 -0.064188 0.990251 0.075421 -0.096288 0.006381
img00556.ppm 212508.000000 -0.065377 0.994551 0.049578 -0.047092 -0.033266
img00557.ppm 212802.000000 -0.062396 0.993615 0.057417 -0.061147 0.082929
img00558.ppm 213138.000000 -0.065165 0.992153 0.007255 0.067202 0.055454
img00559.ppm 213432.000000 -0.064135 0.992898 -0.023433 -0.040919 -0.025480
img00560.ppm 213768.000000 -0.063774 0.993714 0.057859 -0.072833 0.125040
img00561.ppm 214062.000000 -0.064461 0.991386 -0.053353 -0.009212 0.075187
img00562.ppm 214398.000000 -0.064198 0.992652 0.027010 0.005170 -0.025060
img00563.ppm 214692.000000 -0.064089 0.993345 0.056607 -0.046483 -0.032356
img00564.ppm 214734.000000 -0.063467 0.995011 0.082325 0.023743 -0.036778
img00565.ppm 215322.000000 -0.063852 0.994212 0.016489 -0.041470 -0.002166
img00566.ppm 215532.000000 -0.064288 0.993211 -0.048296 -0.005221 -0.108495
img00567.ppm 215952.000000 -0.064271 0.995017 0.031883 0.042693 -0.031679
img00568.ppm 216288.000000 -0.063801 0.995798 0.007778 -0.014225 0.085165
img00569.ppm 216582.000000 -0.064619 0.992832 0.022254 0.016045 -0.030314
img00570.ppm 216918.000000 -0.062535 0.993461 -0.032303 -0.047057 -0.065266
img00571.ppm 217212.000000 -0.064378 0.994114 -0.012852 -0.027506 0.104875
img00572.ppm 217548.000000 -0.064541 0.993653 0.027018 -0.028070 -0.070111
img00573.ppm 217842.000000 -0.063171 0.994202 0.045993 -0.149401 -0.000476
img00574.ppm 218178.000000 -0.064002 0.993573 -0.026214 -0.089317 -0.022317
img00575.ppm 218472.000000 -0.064770 0.993849 0.115795 -0.028463 -0.020967
img00576.ppm 218808.000000 -0.063265 0.993909 0.108401 0.047139 -0.049403
img00577.ppm 219144.000000 -0.063227 0.992962 0.069801 0.002574 0.121884
img00578.ppm 219438.000000 -0.063767 0.994422 0.008047 0.026797 0.139041
img00579.ppm 219774.000000 -0.063538 0.992046 0.074639 -0.065784 0.033773
img00580.ppm 220068.000000 -0.063907 0.994727 0.104872 0.000907 0.043325
img00581.ppm 220404.000000 -0.062993 0.994218 0.079389 -0.050152 0.050695
img00582.ppm 220698.000000 -0.064292 0.994195 0.022194 -0.099082 0.046096
img00583.ppm 221034.000000 -0.063531 0.991812 0.047815 0.035770 -0.047835
img00584.ppm 221328.000000 -0.062568 0.995236 -0.003793 -0.077749 -0.005326
img00585.ppm 221664.000000 -0.063973 0.995866 0.030502 -0.040602 -0.112611
img00586.ppm 221958.000000 -0.065689 0.994979 0.059737 -0.026134 -0.036365
img00587.ppm 222168.000000 -0.062677 0.993459 0.101700 0.056123 -0.087516
img00588.ppm 222588.000000 -0.063503 0.991627 0.072482 0.079513 -0.058224
img00589.ppm 222924.000000 -0.064770 0.991909 -0.042778 0.019746 0.001406
img00590.ppm 223218.000000 -0.064285 0.993753 0.070419 -0.017219 0.066083
img00591.ppm 223554.000000 -0.063863 0.993235 0.112649 0.024095 -0.061674
img00592.ppm 223848.000000 -0.064005 0.993806 0.007596 0.068881 -0.039190
img00593.ppm 224184.000000 -0.064810 0.994928 0.054393 -0.083026 0.008023
img00594.ppm 224478.000000 -0.063627 0.992132 0.099542 0.149919 -0.016863
img00595.ppm 224814.000000 -0.064184 0.993342 0.061063 0.010343 0.001900
img00596.ppm 225108.000000 -0.063997 0.994520 0.105657 -0.042460 -0.077854
img00597.ppm 225444.000000 -0.064044 0.991785 0.084762 -0.013601 -0.066517
img00598.ppm 225780.000000 -0.064039 0.992712 0.080463 -0.020677 -0.098474
img00599.ppm 226074.000000 -0.063504 0.993673 0.003230 -0.014783 0.059107
img00600.ppm 226410.000000 -0.063951 0.993429 0.085825 -0.094407 -0.032554
img00601.ppm 226704.000000 -0.064358 0.993252 0.031112 0.012695 -0.041329
img00602.ppm 227040.000000 -0.063263 0.990621 -0.061457 -0.008384 0.019739
img00603.ppm 227334.000000 -0.062433 0.992819 -0.037339 0.029762 0.025051
img00604.ppm 227670.000000 -0.062643 0.992353 -0.028898 -0.101294 -0.028727
img00605.ppm 227964.000000 -0.064403 0.993535 0.062390 -0.113798 -0.011008
img00606.ppm 228006.000000 -0.064736 0.994906 0.030319 -0.053480 -0.051928
img00607.ppm 228594.000000 -0.062248 0.994099 0.154302 -0.018164 0.048991
img00608.ppm 228804.000000 -0.064037 0.992806 0.057409 -0.082973 0.028228
img00609.ppm 229224.000000 -0.065233 0.994406 0.146638 -0.045396 0.067992
img00610.ppm 229434.000000 -0.063590 0.993310 0.067595 -0.117182 -0.032205
img00611.ppm 229854.000000 -0.064077 0.991452 -0.008323 -0.124399 0.035551
img00612.ppm 230190.000000 -0.064520 0.991459 -0.000912 0.019847 0.096495
img00613.ppm 230484.000000 -0.063288 0.992671 -0.044289 -0.018513 -0.073635
img00614.ppm 230820.000000 -0.063216 0.992896 0.085332 -0.001545 0.032333
img00615.ppm 231114.000000 -0.063545 0.991528 0.001839 -0.059601 -0.024312
img00616.ppm 231450.000000 -0.064553 0.993775 -0.040581 -0.019674 0.015579
img00617.ppm 231744.000000 -0.065063 0.994298 0.199338 0.014393 -0.060471
img00618.ppm 232080.000000 -0.063040 0.993823 -0.080890 -0.087278 -0.050080
img00619.ppm 232374.000000 -0.064093 0.993321 0.160873 -0.083820 0.005794
img00620.ppm 232710.000000 -0.063701 0.993665 0.099918 -0.152495 -0.043208
img00621.ppm 233004.000000 -0.064887 0.994929 0.053635 0.012913 -0.060915
img00622.ppm 233340.000000 -0.062774 0.991801 0.018673 -0.031815 -0.070986
img00623.ppm 233634.000000 -0.064310 0.993011 0.072147 0.022882 -0.076628
img00624.ppm 233970.000000 -0.063554 0.994476 0.073274 -0.141367 0.025170
img00625.ppm 234306.000000 -0.063314 0.995021 0.020784 -0.085169 -0.041286
img00626.ppm 234600.000000 -0.064617 0.992438 0.111308 0.032378 0.081522
img00627.ppm 234936.000000 -0.063676 0.992928 0.059576 0.013983 0.036794
img00628.ppm 235230.000000 -0.064493 0.993014 0.003200 -0.092659 -0.042680
img00629.ppm 235566.000000 -0.063405 0.994777 0.039018 0.032771 0.081243
img00630.ppm 235860.000000 -0.062974 0.994840 0.030223 -0.089034 -0.122013
img00631.ppm 236196.000000 -0.065387 0.992603 0.080997 -0.035905 0.087730
img00632.ppm 236490.000000 -0.064939 0.991145 -0.033930 -0.051749 -0.023384
img00633.ppm 236700.000000 -0.065839 0.994145 0.013836 -0.018068 0.025112
img00634.ppm 237120.000000 -0.063989 0.996864 -0.008341 -0.016256 -0.078421
img00635.ppm 237456.000000 -0.063573 0.994080 0.025459 -0.096314 -0.012787
img00636.ppm 237750.000000 -0.065021 0.993373 -0.025293 -0.082698 -0.011318
img00637.ppm 238086.000000 -0.062613 0.992383 -0.096975 -0.023844 -0.069674
img00638.ppm 238380.000000 -0.064236 0.993101 0.008271 0.013534 0.021986
img00639.ppm 238716.000000 -0.063440 0.993492 0.043996 -0.025133 -0.120740
img00640.ppm 239010.000000 -0.064434 0.993918 -0.000504 -0.105178 -0.066347
img00641.ppm 239346.000000 -0.064191 0.992602 0.059417 0.019517 -0.000231
img00642.ppm 239640.000000 -0.063384 0.992177 0.040480 -0.049566 0.063185
img00643.ppm 239976.000000 -0.064725 0.993092 -0.004368 -0.034330 0.040442
img00644.ppm 240270.000000 -0.063981 0.994363 0.008018 0.020816 -0.054296
img00645.ppm 240606.000000 -0.064273 0.993274 0.044474 -0.055102 0.024227
img00646.ppm 240900.000000 -0.064497 0.992555 0.012133 -0.060377 -0.022611
img00647.ppm 241236.000000 -0.063427 0.994092 -0.006066 -0.059393 0.033571
img00648.ppm 241530.000000 -0.062610 0.990797 0.060156 0.008151 0.043284
img00649.ppm 241866.000000 -0.064236 0.994428 0.120299 -0.041947 -0.077147
img00650.ppm 242202.000000 -0.064381 0.994350 -0.024059 -0.099492 0.008795
img00651.ppm 242496.000000 -0.064166 0.992095 0.060198 -0.092981 0.007366
img00652.ppm 242790.000000 -0.064049 0.992448 0.018925 -0.069864 0.019204
img00653.ppm 243126.000000 -0.063746 0.993151 0.088314 0.040569 -0.058439
img00654.ppm 243420.000000 -0.064640 0.990911 0.101119 -0.082885 -0.056047
img00655.ppm 243756.000000 -0.064996 0.995200 -0.032483 -0.046212 -0.012330
img00656.ppm 244050.000000 -0.063289 0.992951 -0.007022 -0.012404 -0.000843
img00657.ppm 244386.000000 -0.064279 0.992593 0.079727 -0.025254 0.121492
img00658.ppm 244680.000000 -0.064066 0.994395 -0.125480 0.016790 -0.020461
img00659.ppm 245016.000000 -0.062775 0.991672 -0.008877 -0.028449 0.046098
img00660.ppm 245310.000000 -0.062637 0.993683 0.080200 -0.045960 -0.132945
img00661.ppm 245646.000000 -0.064915 0.993227 0.018582 -0.055097 -0.004565
img00662.ppm 245940.000000 -0.063835 0.992740 -0.027185 0.063193 0.079127
img00663.ppm 246276.000000 -0.063822 0.993644 0.053925 -0.021916 -0.036615
img00664.ppm 246570.000000 -0.064180 0.994808 0.028769 -0.175384 -0.069520
img00665.ppm 246906.000000 -0.063886 0.990921 0.012924 -0.076458 0.133324
img00666.ppm 247200.000000 -0.063742 0.992929 0.055944 0.004484 -0.184089
img00667.ppm 247494.000000 -0.064100 0.993136 -0.008362 0.024985 0.096290
img00668.ppm 0.000000 -696135949746176.000000 0.000000 13646893832725480000000000000000.000000 4.929188 0.000000
img00669.ppm 248124.000000 -0.064652 0.991549 0.073760 -0.064939 -0.007842
img00670.ppm -0.000000 -0.000000 0.000000 -19959024329629850000000000000000000000.000000 -2520985894912.000000 -0.000000
img00671.ppm 248754.000000 -0.063780 0.992393 0.074320 -0.030023 0.010167
img00672.ppm 249090.000000 -0.064170 0.994305 -0.001140 -0.013577 0.034302
img00673.ppm 249384.000000 -0.062146 0.994402 0.088723 0.015037 -0.061004
img00674.ppm 249720.000000 -0.064907 0.992350 0.048656 -0.051231 -0.020237
img00675.ppm 250014.000000 -0.063986 0.992446 -0.014604 -0.028110 0.094043
img00676.ppm 250350.000000 -0.063250 0.991977 -0.012358 -0.035090 -0.065637
img00677.ppm 250644.000000 -0.062406 0.992528 0.013291 -0.070397 0.026229
img00678.ppm 250980.000000 -0.063586 0.991420 0.079762 -0.028230 -0.054189
img00679.ppm 251274.000000 -0.063007 0.993691 -0.010510 0.016069 -0.001789
img00680.ppm 251568.000000 -0.064445 0.993143 0.093645 -0.022006 0.005092
img00681.ppm 251904.000000 -0.064054 0.992371 0.037238 0.015140 0.068664
img00682.ppm 252198.000000 -0.063121 0.993732 -0.063174 -0.094143 0.002326
img00683.ppm 252534.000000 -0.062008 0.993545 -0.073818 -0.042468 -0.065585
img00684.ppm 252828.000000 -0.062643 0.994505 0.055713 -0.078777 -0.036444
img00685.ppm 253164.000000 -0.061888 0.991361 0.064359 -0.039858 0.138093
img00686.ppm 253458.000000 -0.062951 0.992164 -0.007938 -0.034324 0.028146
img00687.ppm 253794.000000 -0.063945 0.995526 -0.006983 -0.010178 -0.093280
img00688.ppm 254088.000000 -0.063495 0.992166 -0.034154 -0.014544 -0.033181
img00689.ppm 254424.000000 -0.063319 0.992660 0.086430 0.021435 -0.064897
img00690.ppm 254718.000000 -0.064937 0.993650 0.006137 0.021556 -0.039054
img00691.ppm 255054.000000 -0.063159 0.991543 0.040112 -0.109422 -0.003753
img00692.ppm 255348.000000 -0.063939 0.993443 0.008585 -0.043404 -0.015840
img00693.ppm 255684.000000 -0.064124 0.993545 0.112763 -0.082987 -0.027468
img00694.ppm 255978.000000 -0.064318 0.994740 0.068391 -0.057699 -0.000157
img00695.ppm 256272.000000 -0.083737 0.982617 -0.668778 0.090133 -0.171621
img00696.ppm 256608.000000 -0.068311 0.996932 0.195018 0.035213 -0.003466
img00697.ppm 256902.000000 -0.078028 0.995664 -0.021275 -0.010444 0.067062
img00698.ppm 257238.000000 -0.067576 0.990176 0.120794 -0.017293 -0.011984
img00699.ppm 257532.000000 -0.069477 0.994461 -0.130929 -0.036409 -0.031752
img00700.ppm 257868.000000 -0.066992 0.989695 -0.035369 0.010525 0.089455
img00701.ppm 258162.000000 -0.064906 0.992007 -0.117428 -0.018197 0.022004
img00702.ppm 258372.000000 -0.065643 0.994303 0.012564 -0.000846 -0.031289
img00703.ppm 258792.000000 -0.062934 0.992751 0.133651 -0.061798 -0.080934
img00704.ppm 259128.000000 -0.063306 0.992426 0.030228 -0.021074 0.002392
img00705.ppm 259422.000000 -0.064725 0.993349 0.088898 -0.108952 -0.072193
img00706.ppm 259758.000000 -0.062245 0.991479 0.163748 -0.083655 -0.041662
img00707.ppm 260052.000000 -0.067282 0.993394 0.005808 -0.082184 0.040871
img00708.ppm 260388.000000 -0.063969 0.993806 0.150730 -0.008126 0.133959
img00709.ppm 260682.000000 -0.067125 0.992055 0.025366 -0.004284 0.066406
img00710.ppm 260976.000000 -0.064213 0.991205 0.032286 -0.177142 -0.010123
img00711.ppm 261312.000000 -0.064784 0.993205 0.074935 -0.050844 -0.096098
img00712.ppm 261606.000000 -0.065062 0.991347 0.013946 -0.053826 0.029496
img00713.ppm 261942.000000 -0.061394 0.994299 0.054390 -0.005859 0.045890
img00714.ppm 262236.000000 -0.063593 0.994208 0.031955 -0.060533 -0.017062
img00715.ppm 262572.000000 -0.062621 0.990484 0.056044 0.043833 0.020643
img00716.ppm 262866.000000 -0.064313 0.994993 0.066716 -0.012445 -0.055727
img00717.ppm 263076.000000 -0.067946 0.989357 -0.039390 0.026847 -0.017439
img00718.ppm 263496.000000 -0.063870 0.993308 -0.167857 -0.046595 -0.049571
img00719.ppm 263706.000000 -0.067758 0.994520 0.031616 -0.079737 -0.095888
img00720.ppm 264126.000000 -0.061648 0.990589 -0.184703 -0.014682 -0.007282
img00721.ppm 264462.000000 -0.059036 0.992218 0.060765 0.021340 -0.015246
img00722.ppm 264756.000000 -0.066094 0.991191 0.009361 0.029865 -0.033402
img00723.ppm 265092.000000 -0.066841 0.992902 0.015073 0.001966 -0.031852
img00724.ppm 265386.000000 -0.068432 0.995660 0.175067 -0.003784 0.136353
img00725.ppm 265722.000000 -0.066593 0.992034 0.029091 -0.107983 0.028431
img00726.ppm 266016.000000 -0.063005 0.994566 -0.047521 0.059720 -0.004274
img00727.ppm 266352.000000 -0.066556 0.992687 -0.105532 -0.038041 0.134610
img00728.ppm 266646.000000 -0.062270 0.992808 0.086186 0.061970 0.156262
img00729.ppm 266982.000000 -0.059363 0.996420 0.001244 -0.060238 -0.077027
img00730.ppm 267276.000000 -0.067462 0.991929 0.204322 -0.013302 0.014756
img00731.ppm 267612.000000 -0.064786 0.992519 0.099211 0.032304 -0.045542
img00732.ppm 267906.000000 -0.067273 0.994152 0.072505 0.055574 -0.036293
img00733.ppm 268242.000000 -0.066105 0.995934 0.095805 -0.085291 -0.011017
img00734.ppm 268536.000000 -0.066913 0.991625 0.017389 0.022828 0.047508
img00735.ppm 268872.000000 -0.069692 0.992790 0.066066 -0.101144 0.072117
img00736.ppm 269166.000000 -0.068974 0.992576 -0.131475 -0.141169 0.026602
img00737.ppm 269502.000000 -0.067888 0.995191 0.053055 0.034751 0.022875
img00738.ppm 269796.000000 -0.069374 0.992755 0.076292 -0.032114 0.050215
img00739.ppm 270132.000000 -0.070236 0.992585 0.092822 -0.023926 -0.041917
img00740.ppm 270426.000000 -0.066654 0.993992 -0.029120 -0.026754 -0.000403
img00741.ppm 270762.000000 -0.068305 0.993646 0.168235 0.008209 0.095228
img00742.ppm 271056.000000 -0.065927 0.993383 -0.008741 -0.000686 0.055036
img00743.ppm 271392.000000 -0.066296 0.991812 0.149885 0.038845 0.079142
img00744.ppm 271686.000000 -0.067937 0.993904 0.022134 -0.084683 -0.033543
img00745.ppm 272022.000000 -0.064385 0.992170 -0.019145 -0.025140 -0.015963
img00746.ppm 272316.000000 -0.066624 0.994447 0.019463 -0.112788 0.056292
img00747.ppm 272652.000000 -0.063328 0.993156 0.028476 -0.013005 -0.001878
img00748.ppm 272946.000000 -0.064081 0.992053 0.070303 -0.079195 0.061203
img00749.ppm 273282.000000 -0.065648 0.991096 0.014882 -0.028067 0.021486
img00750.ppm 273576.000000 -0.065406 0.993356 0.096183 -0.015322 -0.075381
img00751.ppm 273912.000000 -0.062648 0.993347 0.053548 -0.070671 0.088652
img00752.ppm 274206.000000 -0.065323 0.995192 0.171285 -0.047598 -0.008254
img00753.ppm 274542.000000 -0.062757 0.993340 0.065692 -0.055168 -0.017613
img00754.ppm 274836.000000 -0.062331 0.992110 -0.065242 -0.067791 0.108440
img00755.ppm 275172.000000 -0.063623 0.993815 0.019402 0.017266 -0.021720
img00756.ppm 275466.000000 -0.064921 0.993162 0.077144 -0.030098 -0.006442
img00757.ppm 275802.000000 -0.063459 0.991605 0.132808 -0.169003 0.050910
img00758.ppm 276096.000000 -0.063461 0.994657 0.002488 -0.029347 0.066482
img00759.ppm 276432.000000 -0.062878 0.992696 0.108509 0.090075 -0.038704
img00760.ppm 276726.000000 -0.062676 0.993593 -0.003899 0.035135 -0.001160
img00761.ppm 277062.000000 -0.064757 0.991157 0.007919 -0.026546 0.036222
img00762.ppm 277356.000000 -0.063847 0.993073 -0.041824 -0.000142 0.049214
img00763.ppm 277692.000000 -0.065274 0.993342 -0.003533 0.037978 -0.016151
img00764.ppm 278028.000000 -0.064687 0.993782 0.044959 -0.014570 0.150835
img00765.ppm 278322.000000 -0.064065 0.993247 -0.026734 0.074455 0.074965
img00766.ppm 278658.000000 -0.062833 0.992494 0.055347 -0.012289 0.045702
img00767.ppm 278952.000000 -0.063480 0.992619 0.033455 0.012672 0.000579
img00768.ppm 279288.000000 -0.062897 0.993574 0.025069 0.012092 0.119789
img00769.ppm 279582.000000 -0.063862 0.992104 -0.071206 0.000405 0.036184
img00770.ppm 279918.000000 -0.062903 0.994143 0.065357 -0.059468 0.008633
img00771.ppm 280212.000000 -0.062841 0.991765 -0.054283 -0.162112 -0.034812
img00772.ppm 280548.000000 -0.064436 0.991807 -0.009858 -0.048114 -0.099018
img00773.ppm 280842.000000 -0.065587 0.993361 0.028936 0.012282 0.126999
img00774.ppm 281178.000000 -0.065042 0.994525 -0.027164 -0.056039 -0.040212
img00775.ppm 281472.000000 -0.062521 0.993719 0.072695 -0.025084 0.009718
img00776.ppm 281808.000000 -0.063323 0.995116 0.095564 -0.099667 -0.075476
img00777.ppm 282102.000000 -0.060482 0.990461 -0.019321 -0.091049 -0.032223
img00778.ppm 282438.000000 -0.063483 0.991643 -0.082285 0.021377 -0.004802
img00779.ppm 282732.000000 -0.061892 0.992222 -0.154287 -0.128861 0.084553
img00780.ppm 283068.000000 -0.063536 0.992036 -0.008333 -0.054600 0.151450
img00781.ppm 283362.000000 -0.059368 0.993643 -0.020022 -0.094632 -0.118938
img00782.ppm 283572.000000 -0.066655 0.992733 -0.030689 -0.044324 -0.009397
img00783.ppm 283992.000000 -0.062713 0.990288 0.098407 -0.167104 -0.043994
img00784.ppm 284328.000000 -0.063744 0.992209 -0.060758 0.020603 -0.025846
img00785.ppm 284622.000000 -0.063476 0.995428 0.065835 -0.087324 0.111041
img00786.ppm 284958.000000 -0.065197 0.990387 0.031867 -0.004378 0.104949
img00787.ppm 285252.000000 -0.064403 0.991569 0.055164 -0.098586 -0.080420
img00788.ppm 285588.000000 -0.065778 0.993060 0.042452 -0.041499 0.048789
img00789.ppm 285882.000000 -0.064961 0.994489 -0.064107 -0.031549 0.078439
img00790.ppm 286218.000000 -0.065602 0.991058 -0.051593 -0.055124 -0.093668
img00791.ppm 286512.000000 -0.064375 0.990818 0.050694 -0.003126 -0.166016
img00792.ppm 286722.000000 -0.065267 0.994035 0.019991 -0.019640 -0.111655
img00793.ppm 287142.000000 -0.062831 0.994490 0.094382 -0.074817 -0.063341
img00794.ppm 287478.000000 -0.063725 0.991344 -0.119819 -0.103146 0.023591
img00795.ppm 287772.000000 -0.064751 0.990326 -0.053102 -0.093030 0.053384
img00796.ppm 288108.000000 -0.064591 0.992265 0.069921 -0.175412 0.004387
img00797.ppm 288402.000000 -0.064913 0.991988 0.008602 -0.007542 -0.063058
img00798.ppm 288738.000000 -0.063829 0.991678 -0.021829 -0.031847 0.006194
img00799.ppm 289032.000000 -0.065068 0.991848 -0.017531 -0.012531 0.026615
img00800.ppm 289326.000000 -0.065233 0.993356 0.100280 -0.081833 0.071892
img00801.ppm 289662.000000 -0.065512 0.992484 0.081244 -0.035929 -0.054481
img00802.ppm 289956.000000 -0.063662 0.993861 0.009729 -0.029867 -0.010947
img00803.ppm 290292.000000 -0.065300 0.994336 0.069326 -0.040626 0.038431
img00804.ppm 290586.000000 -0.064275 0.993332 0.091190 -0.055205 -0.029973
img00805.ppm 290796.000000 -0.063832 0.991007 0.208064 -0.132267 0.036499
img00806.ppm 291216.000000 -0.066603 0.993777 -0.045740 -0.056951 0.015027
img00807.ppm 291552.000000 -0.064178 0.990533 0.065208 -0.045686 0.091814
img00808.ppm 291846.000000 -0.064866 0.994902 0.012263 0.008503 -0.042564
img00809.ppm 292056.000000 -0.062747 0.991008 0.014348 0.009489 -0.020839
img00810.ppm 292476.000000 -0.062825 0.993917 0.059170 -0.065544 -0.064270
img00811.ppm 292686.000000 -0.064197 0.991207 0.086342 0.072076 -0.046535
img00812.ppm 293106.000000 -0.065556 0.992549 0.013650 -0.032578 -0.028513
img00813.ppm 293442.000000 -0.064955 0.992723 0.102669 0.034890 -0.012451
img00814.ppm 293736.000000 -0.065479 0.992461 0.006449 -0.003160 -0.064720
img00815.ppm 294072.000000 -0.063740 0.992754 0.048143 -0.062663 -0.037031
img00816.ppm 294366.000000 -0.064354 0.994679 0.040409 0.074653 0.015571
img00817.ppm 294702.000000 -0.064164 0.992258 0.060160 -0.011725 -0.045044
img00818.ppm 294996.000000 -0.063608 0.994392 0.115805 -0.110411 -0.042036
img00819.ppm 295332.000000 -0.063977 0.990610 0.025605 0.023689 -0.070716








